771.850	16
771.866	22
771.883	10
771.899	16
771.915	16
771.931	17
771.947	24
771.964	15
771.980	20
771.996	24
772.012	15
772.028	20
772.045	16
772.061	17
772.077	11
772.093	13
772.109	15
772.126	16
772.142	17
772.158	16
772.174	15
772.190	17
772.206	20
772.223	12
772.239	18
772.255	19
772.271	15
772.287	13
772.304	15
772.320	10
772.336	15
772.352	16
772.368	16
772.384	8
772.401	11
772.417	17
772.433	17
772.449	16
772.465	7
772.482	14
772.498	16
772.514	10
772.530	16
772.546	27
772.562	25
772.579	15
772.595	11
772.611	13
772.627	16
772.643	14
772.659	8
772.675	21
772.692	12
772.708	15
772.724	16
772.740	14
772.756	5
772.772	12
772.789	18
772.805	19
772.821	19
772.837	16
772.853	12
772.869	19
772.885	3
772.902	14
772.918	5
772.934	19
772.950	16
772.966	19
772.982	21
772.998	16
773.015	7
773.031	10
773.047	19
773.063	21
773.079	12
773.095	23
773.111	15
773.127	26
773.144	23
773.160	15
773.176	17
773.192	11
773.208	10
773.224	19
773.240	14
773.256	20
773.272	19
773.289	14
773.305	20
773.321	28
773.337	21
773.353	17
773.369	15
773.385	15
773.401	11
773.417	13
773.434	14
773.450	15
773.466	18
773.482	20
773.498	17
773.514	13
773.530	15
773.546	14
773.562	22
773.579	13
773.595	14
773.611	13
773.627	22
773.643	18
773.659	21
773.675	17
773.691	22
773.707	18
773.723	10
773.739	20
773.755	21
773.772	13
773.788	19
773.804	16
773.820	12
773.836	15
773.852	24
773.868	10
773.884	16
773.900	20
773.916	22
773.932	18
773.948	22
773.964	16
773.981	12
773.997	22
774.013	25
774.029	23
774.045	21
774.061	18
774.077	23
774.093	31
774.109	19
774.125	22
774.141	22
774.157	7
774.173	14
774.189	12
774.205	17
774.221	12
774.237	16
774.254	17
774.270	20
774.286	20
774.302	16
774.318	16
774.334	17
774.350	18
774.366	18
774.382	18
774.398	12
774.414	7
774.430	15
774.446	22
774.462	13
774.478	21
774.494	18
774.510	19
774.526	11
774.542	14
774.558	18
774.574	14
774.590	12
774.606	13
774.622	18
774.638	11
774.654	10
774.670	16
774.686	18
774.702	15
774.719	20
774.735	15
774.751	17
774.767	16
774.783	22
774.799	14
774.815	18
774.831	17
774.847	22
774.863	24
774.879	6
774.895	16
774.911	12
774.927	12
774.943	22
774.959	13
774.975	17
774.991	21
775.007	25
775.023	19
775.039	11
775.055	15
775.071	15
775.087	15
775.103	18
775.119	17
775.135	18
775.151	18
775.167	10
775.183	23
775.199	16
775.215	20
775.231	11
775.247	15
775.262	21
775.278	15
775.294	20
775.310	12
775.326	17
775.342	13
775.358	18
775.374	16
775.390	12
775.406	18
775.422	16
775.438	19
775.454	17
775.470	18
775.486	18
775.502	21
775.518	13
775.534	25
775.550	16
775.566	13
775.582	20
775.598	21
775.614	14
775.630	18
775.646	18
775.662	25
775.678	13
775.694	13
775.710	20
775.725	16
775.741	11
775.757	12
775.773	17
775.789	24
775.805	18
775.821	19
775.837	14
775.853	14
775.869	13
775.885	16
775.901	23
775.917	15
775.933	21
775.949	16
775.965	22
775.981	8
775.996	13
776.012	17
776.028	28
776.044	9
776.060	16
776.076	14
776.092	13
776.108	2
776.124	20
776.140	16
776.156	20
776.172	14
776.188	9
776.203	18
776.219	11
776.235	19
776.251	7
776.267	18
776.283	19
776.299	16
776.315	20
776.331	18
776.347	23
776.363	11
776.378	18
776.394	16
776.410	15
776.426	18
776.442	19
776.458	5
776.474	17
776.490	9
776.506	18
776.522	16
776.537	17
776.553	16
776.569	21
776.585	11
776.601	20
776.617	13
776.633	14
776.649	15
776.665	20
776.680	9
776.696	12
776.712	20
776.728	17
776.744	16
776.760	20
776.776	15
776.792	11
776.808	16
776.823	18
776.839	9
776.855	17
776.871	11
776.887	10
776.903	18
776.919	16
776.934	15
776.950	21
776.966	21
776.982	15
776.998	13
777.014	23
777.030	21
777.046	17
777.061	18
777.077	17
777.093	15
777.109	17
777.125	14
777.141	20
777.157	13
777.172	14
777.188	20
777.204	20
777.220	20
777.236	10
777.252	13
777.267	18
777.283	22
777.299	11
777.315	20
777.331	22
777.347	23
777.362	12
777.378	21
777.394	10
777.410	18
777.426	14
777.442	26
777.457	23
777.473	13
777.489	18
777.505	25
777.521	13
777.537	13
777.552	19
777.568	16
777.584	18
777.600	21
777.616	16
777.632	17
777.647	16
777.663	14
777.679	12
777.695	14
777.711	21
777.726	19
777.742	17
777.758	21
777.774	25
777.790	21
777.806	24
777.821	14
777.837	12
777.853	22
777.869	18
777.885	27
777.900	23
777.916	17
777.932	22
777.948	13
777.964	20
777.979	22
777.995	21
778.011	15
778.027	19
778.042	24
778.058	19
778.074	20
778.090	20
778.106	7
778.121	18
778.137	17
778.153	24
778.169	17
778.185	15
778.200	13
778.216	13
778.232	24
778.248	16
778.263	15
778.279	20
778.295	15
778.311	14
778.327	23
778.342	10
778.358	20
778.374	12
778.390	18
778.405	16
778.421	19
778.437	17
778.453	15
778.468	17
778.484	13
778.500	15
778.516	9
778.531	9
778.547	16
778.563	14
778.579	14
778.594	22
778.610	11
778.626	18
778.642	12
778.658	13
778.673	9
778.689	13
778.705	17
778.720	7
778.736	25
778.752	14
778.768	11
778.783	13
778.799	18
778.815	14
778.831	22
778.846	16
778.862	17
778.878	14
778.894	13
778.909	16
778.925	22
778.941	16
778.957	17
778.972	10
778.988	15
779.004	15
779.019	16
779.035	7
779.051	26
779.067	22
779.082	16
779.098	15
779.114	18
779.129	12
779.145	25
779.161	23
779.177	13
779.192	13
779.208	18
779.224	16
779.239	14
779.255	14
779.271	20
779.287	20
779.302	16
779.318	19
779.334	18
779.349	9
779.365	12
779.381	7
779.396	20
779.412	16
779.428	14
779.444	6
779.459	23
779.475	10
779.491	13
779.506	19
779.522	21
779.538	9
779.553	18
779.569	15
779.585	15
779.600	14
779.616	15
779.632	16
779.647	11
779.663	16
779.679	21
779.695	26
779.710	17
779.726	7
779.742	23
779.757	17
779.773	15
779.789	18
779.804	15
779.820	33
779.836	26
779.851	19
779.867	13
779.883	14
779.898	11
779.914	15
779.930	14
779.945	15
779.961	14
779.977	5
779.992	20
780.008	15
780.023	11
780.039	14
780.055	10
780.070	1
780.086	12
780.102	9
780.117	14
780.133	10
780.149	20
780.164	16
780.180	9
780.196	12
780.211	12
780.227	12
780.243	13
780.258	17
780.274	14
780.289	19
780.305	13
780.321	12
780.336	3
780.352	7
780.368	7
780.383	10
780.399	11
780.414	9
780.430	10
780.446	18
780.461	13
780.477	9
780.493	14
780.508	10
780.524	12
780.539	13
780.555	14
780.571	21
780.586	19
780.602	17
780.618	24
780.633	12
780.649	22
780.664	12
780.680	12
780.696	13
780.711	7
780.727	18
780.742	14
780.758	24
780.774	19
780.789	21
780.805	19
780.820	20
780.836	19
780.852	25
780.867	19
780.883	23
780.898	19
780.914	14
780.930	14
780.945	16
780.961	20
780.976	14
780.992	13
781.008	18
781.023	13
781.039	14
781.054	14
781.070	17
781.085	20
781.101	5
781.117	20
781.132	18
781.148	13
781.163	16
781.179	14
781.194	29
781.210	14
781.226	14
781.241	12
781.257	17
781.272	14
781.288	15
781.303	14
781.319	16
781.335	10
781.350	16
781.366	26
781.381	18
781.397	17
781.412	18
781.428	19
781.443	19
781.459	11
781.475	13
781.490	19
781.506	17
781.521	14
781.537	12
781.552	21
781.568	14
781.583	18
781.599	18
781.614	13
781.630	16
781.646	21
781.661	16
781.677	17
781.692	18
781.708	15
781.723	19
781.739	17
781.754	12
781.770	14
781.785	17
781.801	19
781.816	12
781.832	29
781.848	16
781.863	24
781.879	23
781.894	15
781.910	20
781.925	14
781.941	19
781.956	11
781.972	16
781.987	13
782.003	19
782.018	17
782.034	22
782.049	17
782.065	23
782.080	20
782.096	20
782.111	25
782.127	13
782.142	19
782.158	10
782.173	18
782.189	23
782.204	15
782.220	20
782.235	18
782.251	25
782.266	22
782.282	15
782.297	22
782.313	21
782.328	19
782.344	23
782.359	19
782.375	23
782.390	24
782.406	17
782.421	22
782.437	28
782.452	19
782.468	23
782.483	27
782.499	18
782.514	17
782.530	17
782.545	31
782.561	14
782.576	14
782.592	20
782.607	24
782.622	19
782.638	13
782.653	22
782.669	19
782.684	35
782.700	24
782.715	23
782.731	22
782.746	24
782.762	20
782.777	22
782.793	28
782.808	19
782.824	23
782.839	30
782.854	22
782.870	21
782.885	30
782.901	30
782.916	27
782.932	15
782.947	18
782.963	20
782.978	31
782.993	37
783.009	24
783.024	23
783.040	39
783.055	43
783.071	33
783.086	40
783.102	43
783.117	33
783.132	40
783.148	31
783.163	40
783.179	39
783.194	40
783.210	41
783.225	32
783.240	40
783.256	44
783.271	38
783.287	41
783.302	37
783.318	44
783.333	51
783.348	33
783.364	49
783.379	47
783.395	41
783.410	31
783.426	45
783.441	39
783.456	37
783.472	38
783.487	40
783.503	49
783.518	40
783.533	32
783.549	43
783.564	35
783.580	35
783.595	43
783.610	36
783.626	40
783.641	37
783.657	39
783.672	38
783.687	27
783.703	41
783.718	46
783.734	47
783.749	55
783.764	39
783.780	44
783.795	48
783.811	42
783.826	46
783.841	47
783.857	52
783.872	50
783.888	51
783.903	58
783.918	52
783.934	49
783.949	51
783.964	48
783.980	46
783.995	54
784.011	50
784.026	54
784.041	41
784.057	48
784.072	47
784.087	36
784.103	45
784.118	55
784.134	48
784.149	43
784.164	53
784.180	47
784.195	47
784.210	46
784.226	46
784.241	44
784.256	38
784.272	52
784.287	49
784.302	53
784.318	43
784.333	45
784.349	42
784.364	44
784.379	45
784.395	34
784.410	37
784.425	42
784.441	43
784.456	42
784.471	43
784.487	47
784.502	49
784.517	45
784.533	40
784.548	51
784.563	48
784.579	38
784.594	50
784.609	47
784.625	28
784.640	38
784.655	44
784.671	49
784.686	54
784.701	42
784.717	39
784.732	45
784.747	39
784.763	42
784.778	50
784.793	48
784.809	51
784.824	37
784.839	57
784.854	49
784.870	50
784.885	44
784.900	51
784.916	53
784.931	51
784.946	53
784.962	41
784.977	51
784.992	38
785.008	35
785.023	43
785.038	44
785.053	52
785.069	39
785.084	40
785.099	48
785.115	54
785.130	47
785.145	40
785.161	42
785.176	46
785.191	45
785.206	39
785.222	37
785.237	47
785.252	39
785.268	54
785.283	30
785.298	52
785.313	37
785.329	35
785.344	44
785.359	47
785.375	34
785.390	36
785.405	38
785.420	49
785.436	30
785.451	36
785.466	39
785.481	39
785.497	39
785.512	40
785.527	38
785.543	39
785.558	31
785.573	40
785.588	37
785.604	41
785.619	44
785.634	31
785.649	43
785.665	37
785.680	46
785.695	35
785.710	38
785.726	44
785.741	34
785.756	43
785.771	47
785.787	41
785.802	44
785.817	41
785.832	38
785.848	42
785.863	46
785.878	43
785.893	42
785.909	32
785.924	54
785.939	52
785.954	46
785.970	42
785.985	52
786.000	49
786.015	44
786.030	52
786.046	47
786.061	42
786.076	44
786.091	46
786.107	37
786.122	36
786.137	43
786.152	45
786.168	39
786.183	38
786.198	32
786.213	44
786.228	31
786.244	35
786.259	30
786.274	40
786.289	38
786.304	36
786.320	22
786.335	32
786.350	43
786.365	47
786.381	39
786.396	37
786.411	41
786.426	32
786.441	42
786.457	38
786.472	33
786.487	32
786.502	38
786.517	33
786.533	31
786.548	34
786.563	35
786.578	30
786.593	34
786.608	44
786.624	45
786.639	37
786.654	44
786.669	31
786.684	31
786.700	35
786.715	39
786.730	38
786.745	36
786.760	28
786.775	33
786.791	41
786.806	23
786.821	34
786.836	31
786.851	40
786.867	28
786.882	33
786.897	38
786.912	42
786.927	33
786.942	42
786.958	47
786.973	37
786.988	33
787.003	38
787.018	28
787.033	30
787.049	28
787.064	37
787.079	31
787.094	31
787.109	35
787.124	26
787.139	29
787.155	33
787.170	29
787.185	36
787.200	36
787.215	34
787.230	18
787.245	28
787.261	32
787.276	30
787.291	30
787.306	31
787.321	27
787.336	32
787.351	28
787.367	25
787.382	28
787.397	29
787.412	34
787.427	25
787.442	26
787.457	27
787.472	25
787.488	27
787.503	34
787.518	23
787.533	37
787.548	25
787.563	26
787.578	31
787.593	39
787.609	32
787.624	31
787.639	32
787.654	36
787.669	40
787.684	45
787.699	38
787.714	43
787.730	47
787.745	56
787.760	46
787.775	46
787.790	42
787.805	51
787.820	49
787.835	48
787.850	64
787.865	57
