771.850	18
771.866	27
771.883	19
771.899	25
771.915	37
771.931	19
771.947	27
771.964	33
771.980	25
771.996	22
772.012	23
772.028	27
772.045	18
772.061	20
772.077	13
772.093	31
772.109	29
772.126	33
772.142	24
772.158	27
772.174	19
772.190	24
772.206	30
772.223	26
772.239	26
772.255	23
772.271	29
772.287	25
772.304	29
772.320	14
772.336	23
772.352	35
772.368	27
772.384	18
772.401	15
772.417	19
772.433	34
772.449	22
772.465	19
772.482	24
772.498	22
772.514	20
772.530	22
772.546	34
772.562	32
772.579	25
772.595	25
772.611	20
772.627	16
772.643	24
772.659	26
772.675	22
772.692	7
772.708	15
772.724	27
772.740	25
772.756	25
772.772	25
772.789	28
772.805	21
772.821	19
772.837	18
772.853	19
772.869	23
772.885	20
772.902	14
772.918	27
772.934	30
772.950	32
772.966	20
772.982	31
772.998	27
773.015	16
773.031	32
773.047	32
773.063	29
773.079	19
773.095	29
773.111	20
773.127	32
773.144	33
773.160	25
773.176	12
773.192	30
773.208	21
773.224	22
773.240	21
773.256	31
773.272	30
773.289	28
773.305	23
773.321	27
773.337	26
773.353	15
773.369	29
773.385	21
773.401	32
773.417	30
773.434	30
773.450	23
773.466	32
773.482	34
773.498	29
773.514	40
773.530	34
773.546	44
773.562	28
773.579	36
773.595	29
773.611	27
773.627	33
773.643	25
773.659	23
773.675	25
773.691	27
773.707	24
773.723	24
773.739	25
773.755	42
773.772	23
773.788	29
773.804	23
773.820	23
773.836	17
773.852	38
773.868	16
773.884	30
773.900	35
773.916	43
773.932	28
773.948	41
773.964	35
773.981	26
773.997	29
774.013	29
774.029	16
774.045	24
774.061	21
774.077	28
774.093	33
774.109	28
774.125	26
774.141	33
774.157	14
774.173	25
774.189	14
774.205	21
774.221	19
774.237	22
774.254	21
774.270	17
774.286	23
774.302	16
774.318	30
774.334	24
774.350	35
774.366	29
774.382	28
774.398	24
774.414	19
774.430	18
774.446	28
774.462	26
774.478	36
774.494	28
774.510	26
774.526	23
774.542	25
774.558	26
774.574	24
774.590	14
774.606	18
774.622	27
774.638	23
774.654	12
774.670	21
774.686	28
774.702	21
774.719	25
774.735	22
774.751	27
774.767	22
774.783	18
774.799	30
774.815	25
774.831	28
774.847	30
774.863	22
774.879	21
774.895	26
774.911	23
774.927	24
774.943	24
774.959	24
774.975	30
774.991	28
775.007	25
775.023	20
775.039	27
775.055	27
775.071	25
775.087	22
775.103	25
775.119	29
775.135	34
775.151	32
775.167	35
775.183	35
775.199	30
775.215	31
775.231	19
775.247	27
775.262	23
775.278	22
775.294	29
775.310	22
775.326	16
775.342	25
775.358	28
775.374	19
775.390	19
775.406	21
775.422	31
775.438	29
775.454	37
775.470	25
775.486	30
775.502	42
775.518	26
775.534	37
775.550	32
775.566	30
775.582	20
775.598	26
775.614	21
775.630	26
775.646	36
775.662	25
775.678	22
775.694	15
775.710	15
775.725	23
775.741	32
775.757	24
775.773	20
775.789	24
775.805	36
775.821	16
775.837	22
775.853	18
775.869	25
775.885	33
775.901	32
775.917	16
775.933	32
775.949	21
775.965	28
775.981	22
775.996	17
776.012	17
776.028	33
776.044	26
776.060	22
776.076	20
776.092	26
776.108	19
776.124	22
776.140	22
776.156	29
776.172	21
776.188	17
776.203	22
776.219	27
776.235	37
776.251	24
776.267	23
776.283	24
776.299	27
776.315	33
776.331	31
776.347	29
776.363	30
776.378	30
776.394	31
776.410	21
776.426	23
776.442	27
776.458	15
776.474	23
776.490	22
776.506	25
776.522	30
776.537	21
776.553	28
776.569	21
776.585	26
776.601	28
776.617	22
776.633	28
776.649	18
776.665	22
776.680	16
776.696	19
776.712	33
776.728	28
776.744	22
776.760	32
776.776	27
776.792	19
776.808	19
776.823	27
776.839	29
776.855	24
776.871	22
776.887	22
776.903	35
776.919	33
776.934	24
776.950	26
776.966	31
776.982	20
776.998	20
777.014	17
777.030	27
777.046	24
777.061	19
777.077	32
777.093	24
777.109	30
777.125	28
777.141	21
777.157	21
777.172	33
777.188	28
777.204	25
777.220	27
777.236	25
777.252	31
777.267	33
777.283	20
777.299	27
777.315	42
777.331	51
777.347	43
777.362	25
777.378	40
777.394	50
777.410	38
777.426	24
777.442	29
777.457	20
777.473	18
777.489	24
777.505	33
777.521	22
777.537	23
777.552	37
777.568	23
777.584	25
777.600	40
777.616	22
777.632	22
777.647	19
777.663	22
777.679	29
777.695	16
777.711	29
777.726	32
777.742	29
777.758	48
777.774	49
777.790	38
777.806	27
777.821	25
777.837	22
777.853	30
777.869	35
777.885	42
777.900	32
777.916	29
777.932	33
777.948	30
777.964	30
777.979	34
777.995	28
778.011	30
778.027	23
778.042	27
778.058	15
778.074	18
778.090	20
778.106	28
778.121	29
778.137	26
778.153	21
778.169	22
778.185	22
778.200	18
778.216	16
778.232	25
778.248	26
778.263	33
778.279	22
778.295	12
778.311	23
778.327	27
778.342	18
778.358	25
778.374	25
778.390	23
778.405	19
778.421	24
778.437	30
778.453	27
778.468	21
778.484	20
778.500	20
778.516	20
778.531	12
778.547	23
778.563	24
778.579	22
778.594	28
778.610	38
778.626	25
778.642	20
778.658	24
778.673	25
778.689	18
778.705	25
778.720	10
778.736	25
778.752	15
778.768	24
778.783	31
778.799	34
778.815	30
778.831	26
778.846	20
778.862	33
778.878	25
778.894	31
778.909	26
778.925	24
778.941	32
778.957	29
778.972	23
778.988	28
779.004	24
779.019	16
779.035	19
779.051	32
779.067	33
779.082	33
779.098	25
779.114	30
779.129	21
779.145	27
779.161	32
779.177	22
779.192	26
779.208	29
779.224	30
779.239	30
779.255	20
779.271	28
779.287	24
779.302	26
779.318	23
779.334	23
779.349	19
779.365	27
779.381	12
779.396	16
779.412	24
779.428	20
779.444	14
779.459	30
779.475	16
779.491	18
779.506	17
779.522	26
779.538	21
779.553	26
779.569	24
779.585	30
779.600	33
779.616	22
779.632	29
779.647	18
779.663	31
779.679	28
779.695	24
779.710	24
779.726	16
779.742	30
779.757	19
779.773	31
779.789	28
779.804	21
779.820	31
779.836	26
779.851	22
779.867	20
779.883	25
779.898	16
779.914	22
779.930	19
779.945	14
779.961	18
779.977	24
779.992	25
780.008	18
780.023	7
780.039	11
780.055	17
780.070	17
780.086	15
780.102	22
780.117	16
780.133	12
780.149	20
780.164	23
780.180	12
780.196	15
780.211	15
780.227	28
780.243	22
780.258	28
780.274	24
780.289	22
780.305	28
780.321	22
780.336	18
780.352	18
780.368	20
780.383	18
780.399	22
780.414	24
780.430	31
780.446	27
780.461	25
780.477	27
780.493	21
780.508	25
780.524	9
780.539	27
780.555	15
780.571	26
780.586	24
780.602	26
780.618	34
780.633	14
780.649	25
780.664	28
780.680	19
780.696	21
780.711	27
780.727	35
780.742	27
780.758	28
780.774	26
780.789	27
780.805	18
780.820	24
780.836	15
780.852	29
780.867	25
780.883	30
780.898	26
780.914	25
780.930	26
780.945	29
780.961	25
780.976	28
780.992	20
781.008	26
781.023	21
781.039	24
781.054	23
781.070	27
781.085	28
781.101	21
781.117	32
781.132	30
781.148	20
781.163	27
781.179	30
781.194	27
781.210	27
781.226	15
781.241	22
781.257	18
781.272	19
781.288	22
781.303	29
781.319	28
781.335	14
781.350	30
781.366	31
781.381	21
781.397	27
781.412	31
781.428	31
781.443	25
781.459	21
781.475	23
781.490	30
781.506	19
781.521	20
781.537	24
781.552	31
781.568	22
781.583	28
781.599	25
781.614	27
781.630	23
781.646	26
781.661	31
781.677	26
781.692	29
781.708	15
781.723	27
781.739	29
781.754	24
781.770	20
781.785	27
781.801	24
781.816	21
781.832	34
781.848	32
781.863	28
781.879	30
781.894	24
781.910	32
781.925	30
781.941	26
781.956	26
781.972	27
781.987	29
782.003	25
782.018	32
782.034	23
782.049	20
782.065	33
782.080	36
782.096	39
782.111	43
782.127	42
782.142	44
782.158	46
782.173	42
782.189	24
782.204	34
782.220	31
782.235	28
782.251	38
782.266	38
782.282	37
782.297	42
782.313	35
782.328	26
782.344	22
782.359	22
782.375	27
782.390	27
782.406	27
782.421	31
782.437	28
782.452	27
782.468	33
782.483	33
782.499	33
782.514	23
782.530	24
782.545	26
782.561	29
782.576	24
782.592	22
782.607	36
782.622	33
782.638	26
782.653	26
782.669	30
782.684	47
782.700	44
782.715	37
782.731	45
782.746	27
782.762	28
782.777	32
782.793	50
782.808	37
782.824	42
782.839	28
782.854	28
782.870	29
782.885	42
782.901	32
782.916	29
782.932	33
782.947	28
782.963	33
782.978	28
782.993	27
783.009	36
783.024	45
783.040	63
783.055	78
783.071	88
783.086	97
783.102	108
783.117	112
783.132	126
783.148	111
783.163	135
783.179	130
783.194	115
783.210	105
783.225	72
783.240	74
783.256	60
783.271	52
783.287	44
783.302	36
783.318	47
783.333	45
783.348	43
783.364	56
783.379	46
783.395	54
783.410	41
783.426	58
783.441	35
783.456	27
783.472	27
783.487	25
783.503	29
783.518	40
783.533	29
783.549	61
783.564	74
783.580	88
783.595	103
783.610	99
783.626	81
783.641	52
783.657	53
783.672	50
783.687	44
783.703	40
783.718	59
783.734	83
783.749	96
783.764	104
783.780	79
783.795	81
783.811	53
783.826	70
783.841	82
783.857	86
783.872	109
783.888	140
783.903	142
783.918	122
783.934	80
783.949	34
783.964	40
783.980	78
783.995	100
784.011	118
784.026	106
784.041	78
784.057	50
784.072	38
784.087	27
784.103	61
784.118	99
784.134	104
784.149	77
784.164	40
784.180	29
784.195	42
784.210	90
784.226	95
784.241	89
784.256	68
784.272	49
784.287	42
784.302	67
784.318	79
784.333	101
784.349	80
784.364	43
784.379	27
784.395	46
784.410	65
784.425	62
784.441	34
784.456	31
784.471	58
784.487	73
784.502	76
784.517	60
784.533	46
784.548	75
784.563	82
784.579	81
784.594	72
784.609	85
784.625	81
784.640	62
784.655	54
784.671	81
784.686	86
784.701	82
784.717	71
784.732	69
784.747	94
784.763	84
784.778	72
784.793	65
784.809	80
784.824	103
784.839	112
784.854	68
784.870	52
784.885	91
784.900	108
784.916	90
784.931	52
784.946	36
784.962	92
784.977	83
784.992	53
785.008	38
785.023	68
785.038	80
785.053	40
785.069	30
785.084	88
785.099	84
785.115	57
785.130	32
785.145	65
785.161	120
785.176	51
785.191	30
785.206	60
785.222	82
785.237	71
785.252	34
785.268	62
785.283	57
785.298	58
785.313	53
785.329	85
785.344	45
785.359	37
785.375	41
785.390	71
785.405	51
785.420	74
785.436	62
785.451	50
785.466	49
785.481	59
785.497	72
785.512	46
785.527	47
785.543	52
785.558	41
785.573	44
785.588	63
785.604	48
785.619	46
785.634	44
785.649	97
785.665	79
785.680	49
785.695	26
785.710	50
785.726	94
785.741	100
785.756	122
785.771	58
785.787	63
785.802	50
785.817	66
785.832	45
785.848	46
785.863	103
785.878	100
785.893	111
785.909	81
785.924	91
785.939	55
785.954	53
785.970	85
785.985	71
786.000	94
786.015	65
786.030	54
786.046	61
786.061	52
786.076	86
786.091	52
786.107	70
786.122	58
786.137	35
786.152	70
786.168	46
786.183	43
786.198	30
786.213	56
786.228	53
786.244	60
786.259	56
786.274	58
786.289	67
786.304	60
786.320	37
786.335	41
786.350	39
786.365	53
786.381	42
786.396	65
786.411	67
786.426	45
786.441	107
786.457	52
786.472	53
786.487	75
786.502	45
786.517	39
786.533	49
786.548	57
786.563	32
786.578	42
786.593	65
786.608	45
786.624	74
786.639	79
786.654	52
786.669	83
786.684	56
786.700	50
786.715	82
786.730	74
786.745	68
786.760	86
786.775	45
786.791	66
786.806	79
786.821	46
786.836	46
786.851	57
786.867	58
786.882	64
786.897	68
786.912	43
786.927	51
786.942	38
786.958	53
786.973	60
786.988	30
787.003	50
787.018	57
787.033	37
787.049	39
787.064	41
787.079	52
787.094	54
787.109	38
787.124	43
787.139	44
787.155	54
787.170	50
787.185	46
787.200	34
787.215	35
787.230	23
787.245	28
787.261	30
787.276	33
787.291	57
787.306	51
787.321	51
787.336	54
787.351	57
787.367	58
787.382	36
787.397	25
787.412	34
787.427	35
787.442	32
787.457	48
787.472	33
787.488	30
787.503	34
787.518	26
787.533	34
787.548	20
787.563	34
787.578	48
787.593	59
787.609	71
787.624	71
787.639	50
787.654	35
787.669	39
787.684	40
787.699	59
787.714	98
787.730	125
787.745	147
787.760	175
787.775	179
787.790	168
787.805	141
787.820	108
787.835	86
787.850	91
787.865	99
