771.850	18
771.866	13
771.883	19
771.899	25
771.915	15
771.931	15
771.947	11
771.964	19
771.980	25
771.996	10
772.012	21
772.028	17
772.045	20
772.061	17
772.077	14
772.093	13
772.109	21
772.126	18
772.142	17
772.158	17
772.174	9
772.190	15
772.206	19
772.223	20
772.239	16
772.255	8
772.271	23
772.287	21
772.304	23
772.320	6
772.336	10
772.352	27
772.368	14
772.384	12
772.401	11
772.417	10
772.433	20
772.449	13
772.465	10
772.482	15
772.498	7
772.514	11
772.530	20
772.546	26
772.562	23
772.579	17
772.595	16
772.611	10
772.627	12
772.643	9
772.659	16
772.675	16
772.692	17
772.708	8
772.724	16
772.740	18
772.756	20
772.772	15
772.789	18
772.805	16
772.821	16
772.837	11
772.853	8
772.869	19
772.885	14
772.902	5
772.918	20
772.934	21
772.950	21
772.966	10
772.982	17
772.998	17
773.015	8
773.031	17
773.047	19
773.063	24
773.079	11
773.095	19
773.111	11
773.127	18
773.144	22
773.160	20
773.176	13
773.192	12
773.208	10
773.224	17
773.240	11
773.256	20
773.272	15
773.289	20
773.305	19
773.321	20
773.337	17
773.353	11
773.369	17
773.385	13
773.401	12
773.417	18
773.434	15
773.450	16
773.466	19
773.482	25
773.498	21
773.514	26
773.530	13
773.546	27
773.562	21
773.579	31
773.595	15
773.611	20
773.627	12
773.643	10
773.659	13
773.675	17
773.691	16
773.707	20
773.723	13
773.739	22
773.755	29
773.772	14
773.788	18
773.804	9
773.820	14
773.836	16
773.852	20
773.868	10
773.884	17
773.900	27
773.916	24
773.932	16
773.948	27
773.964	25
773.981	22
773.997	20
774.013	19
774.029	11
774.045	17
774.061	18
774.077	21
774.093	18
774.109	19
774.125	25
774.141	13
774.157	2
774.173	10
774.189	11
774.205	8
774.221	13
774.237	15
774.254	11
774.270	13
774.286	16
774.302	18
774.318	22
774.334	18
774.350	16
774.366	14
774.382	18
774.398	8
774.414	7
774.430	14
774.446	23
774.462	15
774.478	19
774.494	23
774.510	24
774.526	11
774.542	17
774.558	15
774.574	12
774.590	2
774.606	13
774.622	19
774.638	20
774.654	10
774.670	14
774.686	8
774.702	10
774.719	12
774.735	15
774.751	12
774.767	13
774.783	14
774.799	18
774.815	17
774.831	19
774.847	17
774.863	15
774.879	17
774.895	20
774.911	12
774.927	16
774.943	25
774.959	12
774.975	18
774.991	17
775.007	23
775.023	17
775.039	11
775.055	10
775.071	16
775.087	15
775.103	16
775.119	24
775.135	13
775.151	11
775.167	14
775.183	22
775.199	24
775.215	23
775.231	13
775.247	20
775.262	23
775.278	19
775.294	16
775.310	12
775.326	11
775.342	14
775.358	16
775.374	16
775.390	11
775.406	16
775.422	19
775.438	26
775.454	28
775.470	16
775.486	22
775.502	22
775.518	17
775.534	21
775.550	20
775.566	12
775.582	13
775.598	15
775.614	8
775.630	24
775.646	20
775.662	15
775.678	15
775.694	18
775.710	10
775.725	20
775.741	17
775.757	15
775.773	17
775.789	24
775.805	25
775.821	11
775.837	10
775.853	2
775.869	9
775.885	14
775.901	16
775.917	12
775.933	15
775.949	17
775.965	23
775.981	12
775.996	16
776.012	19
776.028	18
776.044	12
776.060	10
776.076	17
776.092	12
776.108	9
776.124	9
776.140	18
776.156	22
776.172	7
776.188	15
776.203	11
776.219	15
776.235	22
776.251	17
776.267	18
776.283	13
776.299	14
776.315	16
776.331	23
776.347	19
776.363	21
776.378	23
776.394	16
776.410	17
776.426	11
776.442	16
776.458	13
776.474	19
776.490	8
776.506	18
776.522	17
776.537	11
776.553	14
776.569	22
776.585	16
776.601	18
776.617	10
776.633	19
776.649	15
776.665	20
776.680	14
776.696	11
776.712	22
776.728	17
776.744	18
776.760	26
776.776	16
776.792	8
776.808	8
776.823	15
776.839	13
776.855	16
776.871	14
776.887	19
776.903	22
776.919	23
776.934	17
776.950	17
776.966	21
776.982	15
776.998	9
777.014	12
777.030	27
777.046	15
777.061	15
777.077	28
777.093	13
777.109	16
777.125	18
777.141	18
777.157	11
777.172	16
777.188	21
777.204	20
777.220	26
777.236	19
777.252	14
777.267	19
777.283	14
777.299	19
777.315	32
777.331	35
777.347	25
777.362	18
777.378	28
777.394	34
777.410	25
777.426	18
777.442	19
777.457	12
777.473	10
777.489	20
777.505	14
777.521	13
777.537	14
777.552	21
777.568	15
777.584	14
777.600	22
777.616	10
777.632	9
777.647	11
777.663	19
777.679	19
777.695	20
777.711	17
777.726	20
777.742	16
777.758	31
777.774	31
777.790	26
777.806	23
777.821	10
777.837	13
777.853	18
777.869	16
777.885	25
777.900	23
777.916	12
777.932	18
777.948	17
777.964	19
777.979	21
777.995	18
778.011	15
778.027	13
778.042	13
778.058	13
778.074	14
778.090	15
778.106	9
778.121	22
778.137	16
778.153	16
778.169	15
778.185	21
778.200	14
778.216	12
778.232	12
778.248	18
778.263	23
778.279	16
778.295	7
778.311	21
778.327	21
778.342	10
778.358	13
778.374	13
778.390	12
778.405	9
778.421	21
778.437	13
778.453	11
778.468	16
778.484	5
778.500	5
778.516	15
778.531	9
778.547	14
778.563	17
778.579	17
778.594	22
778.610	24
778.626	20
778.642	8
778.658	11
778.673	8
778.689	18
778.705	18
778.720	11
778.736	19
778.752	21
778.768	7
778.783	12
778.799	18
778.815	19
778.831	13
778.846	9
778.862	16
778.878	19
778.894	17
778.909	16
778.925	19
778.941	20
778.957	18
778.972	13
778.988	14
779.004	12
779.019	16
779.035	17
779.051	14
779.067	16
779.082	20
779.098	13
779.114	23
779.129	13
779.145	17
779.161	24
779.177	15
779.192	18
779.208	13
779.224	12
779.239	18
779.255	13
779.271	17
779.287	18
779.302	13
779.318	13
779.334	16
779.349	12
779.365	17
779.381	6
779.396	16
779.412	17
779.428	18
779.444	13
779.459	14
779.475	9
779.491	20
779.506	8
779.522	13
779.538	15
779.553	25
779.569	15
779.585	19
779.600	26
779.616	9
779.632	10
779.647	13
779.663	20
779.679	19
779.695	23
779.710	11
779.726	10
779.742	23
779.757	16
779.773	26
779.789	15
779.804	18
779.820	25
779.836	30
779.851	13
779.867	9
779.883	11
779.898	14
779.914	13
779.930	9
779.945	14
779.961	12
779.977	11
779.992	12
780.008	21
780.023	5
780.039	6
780.055	16
780.070	0
780.086	11
780.102	12
780.117	6
780.133	13
780.149	19
780.164	20
780.180	10
780.196	11
780.211	7
780.227	14
780.243	11
780.258	18
780.274	12
780.289	19
780.305	15
780.321	15
780.336	10
780.352	15
780.368	8
780.383	14
780.399	14
780.414	15
780.430	10
780.446	17
780.461	15
780.477	18
780.493	19
780.508	16
780.524	9
780.539	13
780.555	3
780.571	14
780.586	15
780.602	23
780.618	33
780.633	5
780.649	22
780.664	9
780.680	12
780.696	15
780.711	13
780.727	18
780.742	14
780.758	26
780.774	14
780.789	18
780.805	8
780.820	17
780.836	12
780.852	18
780.867	18
780.883	25
780.898	20
780.914	10
780.930	10
780.945	17
780.961	17
780.976	14
780.992	14
781.008	22
781.023	16
781.039	17
781.054	14
781.070	20
781.085	11
781.101	6
781.117	19
781.132	16
781.148	7
781.163	20
781.179	13
781.194	19
781.210	16
781.226	9
781.241	10
781.257	17
781.272	14
781.288	12
781.303	20
781.319	13
781.335	13
781.350	19
781.366	25
781.381	18
781.397	18
781.412	16
781.428	19
781.443	21
781.459	19
781.475	16
781.490	17
781.506	19
781.521	12
781.537	11
781.552	20
781.568	19
781.583	13
781.599	20
781.614	18
781.630	14
781.646	17
781.661	22
781.677	18
781.692	22
781.708	14
781.723	25
781.739	16
781.754	18
781.770	10
781.785	18
781.801	20
781.816	16
781.832	26
781.848	14
781.863	22
781.879	26
781.894	16
781.910	18
781.925	21
781.941	17
781.956	17
781.972	22
781.987	7
782.003	19
782.018	7
782.034	17
782.049	14
782.065	15
782.080	22
782.096	22
782.111	28
782.127	26
782.142	33
782.158	27
782.173	24
782.189	16
782.204	22
782.220	24
782.235	18
782.251	24
782.266	21
782.282	29
782.297	24
782.313	22
782.328	20
782.344	17
782.359	12
782.375	14
782.390	16
782.406	19
782.421	17
782.437	25
782.452	18
782.468	23
782.483	19
782.499	21
782.514	14
782.530	11
782.545	17
782.561	20
782.576	19
782.592	15
782.607	18
782.622	14
782.638	15
782.653	14
782.669	19
782.684	33
782.700	36
782.715	16
782.731	34
782.746	15
782.762	19
782.777	17
782.793	41
782.808	24
782.824	30
782.839	14
782.854	20
782.870	18
782.885	26
782.901	21
782.916	16
782.932	24
782.947	13
782.963	13
782.978	20
782.993	19
783.009	21
783.024	33
783.040	46
783.055	49
783.071	68
783.086	52
783.102	77
783.117	75
783.132	84
783.148	74
783.163	87
783.179	84
783.194	62
783.210	56
783.225	51
783.240	42
783.256	39
783.271	29
783.287	32
783.302	28
783.318	29
783.333	28
783.348	26
783.364	36
783.379	31
783.395	28
783.410	25
783.426	45
783.441	17
783.456	14
783.472	15
783.487	11
783.503	21
783.518	31
783.533	22
783.549	50
783.564	53
783.580	65
783.595	66
783.610	65
783.626	46
783.641	23
783.657	27
783.672	26
783.687	18
783.703	32
783.718	42
783.734	54
783.749	56
783.764	69
783.780	50
783.795	56
783.811	29
783.826	57
783.841	47
783.857	50
783.872	78
783.888	88
783.903	90
783.918	77
783.934	44
783.949	25
783.964	33
783.980	52
783.995	69
784.011	70
784.026	66
784.041	46
784.057	29
784.072	27
784.087	18
784.103	43
784.118	60
784.134	57
784.149	38
784.164	30
784.180	25
784.195	30
784.210	51
784.226	63
784.241	51
784.256	42
784.272	33
784.287	23
784.302	40
784.318	57
784.333	62
784.349	55
784.364	24
784.379	20
784.395	24
784.410	39
784.425	38
784.441	25
784.456	19
784.471	32
784.487	50
784.502	46
784.517	32
784.533	33
784.548	50
784.563	50
784.579	46
784.594	41
784.609	55
784.625	52
784.640	39
784.655	46
784.671	64
784.686	64
784.701	54
784.717	37
784.732	41
784.747	59
784.763	63
784.778	47
784.793	39
784.809	41
784.824	62
784.839	69
784.854	34
784.870	26
784.885	55
784.900	72
784.916	54
784.931	38
784.946	33
784.962	66
784.977	48
784.992	28
785.008	28
785.023	46
785.038	51
785.053	32
785.069	22
785.084	59
785.099	59
785.115	26
785.130	18
785.145	53
785.161	68
785.176	26
785.191	20
785.206	44
785.222	51
785.237	43
785.252	17
785.268	36
785.283	33
785.298	33
785.313	31
785.329	52
785.344	29
785.359	35
785.375	28
785.390	45
785.405	38
785.420	54
785.436	43
785.451	38
785.466	32
785.481	40
785.497	46
785.512	23
785.527	34
785.543	29
785.558	29
785.573	37
785.588	35
785.604	37
785.619	23
785.634	34
785.649	71
785.665	46
785.680	34
785.695	25
785.710	30
785.726	55
785.741	61
785.756	67
785.771	42
785.787	31
785.802	44
785.817	44
785.832	34
785.848	26
785.863	64
785.878	57
785.893	70
785.909	38
785.924	60
785.939	38
785.954	38
785.970	56
785.985	40
786.000	58
786.015	44
786.030	38
786.046	36
786.061	43
786.076	43
786.091	34
786.107	41
786.122	32
786.137	22
786.152	48
786.168	22
786.183	29
786.198	18
786.213	52
786.228	27
786.244	41
786.259	48
786.274	43
786.289	51
786.304	25
786.320	24
786.335	32
786.350	34
786.365	28
786.381	32
786.396	42
786.411	44
786.426	36
786.441	59
786.457	30
786.472	32
786.487	54
786.502	31
786.517	25
786.533	32
786.548	37
786.563	15
786.578	35
786.593	36
786.608	30
786.624	50
786.639	59
786.654	33
786.669	55
786.684	36
786.700	33
786.715	62
786.730	55
786.745	48
786.760	68
786.775	27
786.791	37
786.806	38
786.821	33
786.836	23
786.851	35
786.867	35
786.882	52
786.897	38
786.912	26
786.927	29
786.942	32
786.958	34
786.973	42
786.988	12
787.003	32
787.018	31
787.033	25
787.049	27
787.064	28
787.079	41
787.094	39
787.109	22
787.124	33
787.139	29
787.155	34
787.170	32
787.185	27
787.200	24
787.215	23
787.230	14
787.245	26
787.261	21
787.276	24
787.291	34
787.306	35
787.321	38
787.336	39
787.351	28
787.367	34
787.382	19
787.397	11
787.412	28
787.427	19
787.442	27
787.457	36
787.472	29
787.488	24
787.503	21
787.518	24
787.533	18
787.548	7
787.563	25
787.578	24
787.593	37
787.609	55
787.624	41
787.639	27
787.654	24
787.669	26
787.684	27
787.699	51
787.714	69
787.730	73
787.745	103
787.760	109
787.775	112
787.790	103
787.805	82
787.820	69
787.835	64
787.850	52
787.865	61
