771.850	4
771.866	9
771.883	-1
771.899	5
771.915	6
771.931	0
771.947	10
771.964	6
771.980	4
771.996	5
772.012	6
772.028	-1
772.045	-2
772.061	1
772.077	-3
772.093	3
772.109	7
772.126	7
772.142	-1
772.158	4
772.174	-2
772.190	-2
772.206	2
772.223	0
772.239	4
772.255	-3
772.271	6
772.287	5
772.304	11
772.320	-7
772.336	3
772.352	-2
772.368	6
772.384	1
772.401	6
772.417	0
772.433	6
772.449	0
772.465	2
772.482	5
772.498	-4
772.514	3
772.530	3
772.546	13
772.562	6
772.579	6
772.595	2
772.611	2
772.627	2
772.643	4
772.659	0
772.675	12
772.692	-8
772.708	2
772.724	1
772.740	1
772.756	-3
772.772	3
772.789	9
772.805	4
772.821	-1
772.837	2
772.853	3
772.869	2
772.885	-3
772.902	-3
772.918	1
772.934	3
772.950	-3
772.966	-2
772.982	9
772.998	2
773.015	-6
773.031	9
773.047	6
773.063	11
773.079	0
773.095	1
773.111	2
773.127	10
773.144	2
773.160	5
773.176	1
773.192	3
773.208	1
773.224	4
773.240	0
773.256	3
773.272	9
773.289	6
773.305	7
773.321	8
773.337	11
773.353	3
773.369	2
773.385	7
773.401	-1
773.417	4
773.434	2
773.450	0
773.466	6
773.482	2
773.498	-2
773.514	4
773.530	0
773.546	2
773.562	0
773.579	3
773.595	0
773.611	3
773.627	10
773.643	1
773.659	-3
773.675	1
773.691	-3
773.707	-4
773.723	-2
773.739	8
773.755	9
773.772	1
773.788	0
773.804	4
773.820	-3
773.836	-5
773.852	11
773.868	-2
773.884	0
773.900	10
773.916	6
773.932	-7
773.948	2
773.964	6
773.981	4
773.997	5
774.013	8
774.029	-4
774.045	0
774.061	1
774.077	4
774.093	9
774.109	7
774.125	-7
774.141	3
774.157	-2
774.173	5
774.189	2
774.205	-4
774.221	3
774.237	0
774.254	4
774.270	-4
774.286	7
774.302	3
774.318	3
774.334	3
774.350	9
774.366	7
774.382	5
774.398	3
774.414	5
774.430	0
774.446	4
774.462	-3
774.478	5
774.494	6
774.510	10
774.526	8
774.542	-3
774.558	3
774.574	3
774.590	-2
774.606	5
774.622	3
774.638	2
774.654	-5
774.670	3
774.686	-5
774.702	-3
774.719	-2
774.735	0
774.751	3
774.767	-2
774.783	2
774.799	5
774.815	3
774.831	8
774.847	4
774.863	4
774.879	-4
774.895	5
774.911	3
774.927	3
774.943	10
774.959	-2
774.975	5
774.991	7
775.007	9
775.023	5
775.039	1
775.055	-1
775.071	-5
775.087	1
775.103	5
775.119	12
775.135	4
775.151	4
775.167	1
775.183	10
775.199	5
775.215	1
775.231	3
775.247	1
775.262	2
775.278	1
775.294	5
775.310	-1
775.326	1
775.342	0
775.358	4
775.374	3
775.390	-4
775.406	5
775.422	-1
775.438	2
775.454	8
775.470	0
775.486	-1
775.502	4
775.518	1
775.534	11
775.550	3
775.566	-1
775.582	-1
775.598	4
775.614	0
775.630	0
775.646	11
775.662	10
775.678	-1
775.694	2
775.710	3
775.725	1
775.741	-2
775.757	-1
775.773	6
775.789	3
775.805	11
775.821	2
775.837	-2
775.853	-10
775.869	-3
775.885	9
775.901	5
775.917	2
775.933	0
775.949	-4
775.965	10
775.981	4
775.996	1
776.012	1
776.028	8
776.044	-1
776.060	-2
776.076	-6
776.092	5
776.108	-3
776.124	2
776.140	2
776.156	6
776.172	-2
776.188	-4
776.203	3
776.219	3
776.235	6
776.251	-2
776.267	0
776.283	3
776.299	0
776.315	5
776.331	6
776.347	-6
776.363	4
776.378	2
776.394	4
776.410	5
776.426	-2
776.442	7
776.458	3
776.474	8
776.490	5
776.506	3
776.522	6
776.537	-4
776.553	8
776.569	6
776.585	0
776.601	5
776.617	-1
776.633	0
776.649	3
776.665	4
776.680	-4
776.696	-7
776.712	4
776.728	2
776.744	0
776.760	7
776.776	5
776.792	3
776.808	6
776.823	0
776.839	0
776.855	3
776.871	2
776.887	3
776.903	3
776.919	9
776.934	4
776.950	10
776.966	6
776.982	-3
776.998	-3
777.014	6
777.030	10
777.046	-1
777.061	2
777.077	8
777.093	-1
777.109	3
777.125	4
777.141	1
777.157	1
777.172	1
777.188	6
777.204	-1
777.220	1
777.236	1
777.252	-5
777.267	10
777.283	0
777.299	0
777.315	9
777.331	9
777.347	9
777.362	0
777.378	3
777.394	2
777.410	-2
777.426	6
777.442	3
777.457	1
777.473	-6
777.489	3
777.505	4
777.521	-1
777.537	-13
777.552	5
777.568	1
777.584	-2
777.600	6
777.616	-3
777.632	-2
777.647	3
777.663	1
777.679	0
777.695	-2
777.711	7
777.726	6
777.742	-2
777.758	7
777.774	9
777.790	9
777.806	12
777.821	-5
777.837	-3
777.853	0
777.869	6
777.885	9
777.900	5
777.916	-1
777.932	8
777.948	-4
777.964	2
777.979	8
777.995	9
778.011	0
778.027	7
778.042	0
778.058	2
778.074	3
778.090	1
778.106	-4
778.121	3
778.137	2
778.153	3
778.169	4
778.185	-3
778.200	-6
778.216	1
778.232	-2
778.248	3
778.263	1
778.279	4
778.295	-6
778.311	6
778.327	0
778.342	-3
778.358	4
778.374	0
778.390	4
778.405	1
778.421	13
778.437	4
778.453	7
778.468	2
778.484	-5
778.500	-1
778.516	2
778.531	-6
778.547	6
778.563	8
778.579	4
778.594	1
778.610	3
778.626	4
778.642	0
778.658	-4
778.673	6
778.689	-3
778.705	7
778.720	-6
778.736	8
778.752	7
778.768	0
778.783	-4
778.799	2
778.815	5
778.831	5
778.846	1
778.862	0
778.878	0
778.894	9
778.909	2
778.925	10
778.941	11
778.957	8
778.972	3
778.988	7
779.004	1
779.019	1
779.035	0
779.051	5
779.067	1
779.082	0
779.098	4
779.114	1
779.129	0
779.145	8
779.161	6
779.177	2
779.192	3
779.208	7
779.224	2
779.239	-1
779.255	0
779.271	9
779.287	4
779.302	2
779.318	6
779.334	3
779.349	-3
779.365	1
779.381	-9
779.396	2
779.412	3
779.428	-2
779.444	3
779.459	9
779.475	1
779.491	1
779.506	1
779.522	9
779.538	1
779.553	8
779.569	4
779.585	5
779.600	8
779.616	2
779.632	-2
779.647	2
779.663	4
779.679	4
779.695	8
779.710	-4
779.726	-10
779.742	1
779.757	-1
779.773	7
779.789	5
779.804	8
779.820	12
779.836	16
779.851	-1
779.867	-1
779.883	3
779.898	-2
779.914	6
779.930	-1
779.945	3
779.961	1
779.977	-3
779.992	-3
780.008	2
780.023	-1
780.039	5
780.055	1
780.070	-6
780.086	-4
780.102	1
780.117	-4
780.133	-3
780.149	5
780.164	13
780.180	1
780.196	2
780.211	-5
780.227	3
780.243	-1
780.258	7
780.274	-2
780.289	1
780.305	-1
780.321	1
780.336	-3
780.352	1
780.368	-1
780.383	7
780.399	3
780.414	1
780.430	1
780.446	3
780.461	6
780.477	-4
780.493	3
780.508	0
780.524	3
780.539	3
780.555	-3
780.571	7
780.586	2
780.602	2
780.618	12
780.633	-4
780.649	6
780.664	5
780.680	-6
780.696	3
780.711	1
780.727	3
780.742	4
780.758	8
780.774	8
780.789	1
780.805	-1
780.820	5
780.836	5
780.852	1
780.867	5
780.883	9
780.898	6
780.914	-5
780.930	4
780.945	-4
780.961	9
780.976	3
780.992	-1
781.008	7
781.023	-1
781.039	4
781.054	-4
781.070	4
781.085	4
781.101	0
781.117	7
781.132	8
781.148	-6
781.163	6
781.179	-1
781.194	7
781.210	4
781.226	-3
781.241	-2
781.257	9
781.272	0
781.288	-1
781.303	4
781.319	3
781.335	-1
781.350	3
781.366	5
781.381	-1
781.397	-1
781.412	4
781.428	3
781.443	4
781.459	-5
781.475	2
781.490	-2
781.506	1
781.521	2
781.537	1
781.552	9
781.568	7
781.583	4
781.599	0
781.614	-1
781.630	5
781.646	2
781.661	1
781.677	-2
781.692	3
781.708	-1
781.723	1
781.739	2
781.754	5
781.770	6
781.785	3
781.801	5
781.816	0
781.832	7
781.848	-2
781.863	5
781.879	6
781.894	-1
781.910	-4
781.925	8
781.941	2
781.956	0
781.972	4
781.987	4
782.003	4
782.018	6
782.034	1
782.049	-4
782.065	2
782.080	3
782.096	2
782.111	4
782.127	-2
782.142	5
782.158	-5
782.173	4
782.189	-3
782.204	-1
782.220	1
782.235	1
782.251	12
782.266	-2
782.282	9
782.297	0
782.313	4
782.328	4
782.344	3
782.359	-1
782.375	1
782.390	2
782.406	2
782.421	6
782.437	7
782.452	3
782.468	9
782.483	4
782.499	6
782.514	0
782.530	1
782.545	2
782.561	1
782.576	-1
782.592	5
782.607	5
782.622	2
782.638	1
782.653	5
782.669	0
782.684	9
782.700	-1
782.715	1
782.731	12
782.746	6
782.762	1
782.777	3
782.793	12
782.808	-2
782.824	7
782.839	4
782.854	0
782.870	0
782.885	8
782.901	5
782.916	4
782.932	-2
782.947	-3
782.963	3
782.978	6
782.993	6
783.009	-2
783.024	4
783.040	9
783.055	7
783.071	7
783.086	11
783.102	13
783.117	6
783.132	10
783.148	5
783.163	16
783.179	6
783.194	10
783.210	15
783.225	1
783.240	5
783.256	5
783.271	-5
783.287	5
783.302	5
783.318	10
783.333	7
783.348	0
783.364	11
783.379	7
783.395	-3
783.410	0
783.426	7
783.441	5
783.456	-2
783.472	0
783.487	0
783.503	8
783.518	8
783.533	-4
783.549	6
783.564	6
783.580	6
783.595	14
783.610	0
783.626	12
783.641	7
783.657	13
783.672	7
783.687	-1
783.703	4
783.718	9
783.734	11
783.749	13
783.764	11
783.780	1
783.795	10
783.811	3
783.826	5
783.841	2
783.857	6
783.872	14
783.888	12
783.903	11
783.918	13
783.934	11
783.949	4
783.964	4
783.980	13
783.995	10
784.011	9
784.026	14
784.041	-4
784.057	2
784.072	4
784.087	-2
784.103	8
784.118	12
784.134	6
784.149	-3
784.164	7
784.180	-1
784.195	0
784.210	8
784.226	8
784.241	9
784.256	9
784.272	14
784.287	6
784.302	7
784.318	2
784.333	10
784.349	11
784.364	4
784.379	6
784.395	-1
784.410	-2
784.425	13
784.441	12
784.456	1
784.471	2
784.487	15
784.502	21
784.517	10
784.533	2
784.548	7
784.563	12
784.579	11
784.594	4
784.609	9
784.625	-3
784.640	2
784.655	11
784.671	19
784.686	19
784.701	9
784.717	6
784.732	7
784.747	13
784.763	9
784.778	7
784.793	14
784.809	10
784.824	3
784.839	6
784.854	3
784.870	5
784.885	7
784.900	14
784.916	11
784.931	6
784.946	-1
784.962	8
784.977	9
784.992	5
785.008	0
785.023	14
785.038	9
785.053	8
785.069	-4
785.084	7
785.099	10
785.115	6
785.130	6
785.145	10
785.161	11
785.176	1
785.191	0
785.206	3
785.222	7
785.237	7
785.252	7
785.268	7
785.283	6
785.298	7
785.313	11
785.329	5
785.344	-3
785.359	4
785.375	2
785.390	8
785.405	5
785.420	14
785.436	5
785.451	8
785.466	6
785.481	11
785.497	8
785.512	2
785.527	1
785.543	-3
785.558	4
785.573	5
785.588	6
785.604	11
785.619	0
785.634	0
785.649	9
785.665	7
785.680	5
785.695	0
785.710	5
785.726	7
785.741	6
785.756	14
785.771	3
785.787	5
785.802	5
785.817	8
785.832	1
785.848	4
785.863	11
785.878	7
785.893	6
785.909	7
785.924	21
785.939	4
785.954	4
785.970	9
785.985	8
786.000	10
786.015	7
786.030	8
786.046	5
786.061	0
786.076	8
786.091	2
786.107	4
786.122	8
786.137	-1
786.152	6
786.168	3
786.183	2
786.198	1
786.213	8
786.228	0
786.244	9
786.259	2
786.274	14
786.289	10
786.304	7
786.320	2
786.335	9
786.350	9
786.365	6
786.381	4
786.396	6
786.411	5
786.426	7
786.441	10
786.457	-1
786.472	4
786.487	1
786.502	3
786.517	10
786.533	2
786.548	3
786.563	-6
786.578	0
786.593	4
786.608	7
786.624	8
786.639	5
786.654	15
786.669	4
786.684	0
786.700	3
786.715	7
786.730	5
786.745	10
786.760	2
786.775	1
786.791	5
786.806	9
786.821	-2
786.836	-3
786.851	4
786.867	-4
786.882	8
786.897	10
786.912	9
786.927	6
786.942	3
786.958	8
786.973	3
786.988	-1
787.003	1
787.018	-3
787.033	8
787.049	5
787.064	1
787.079	0
787.094	5
787.109	2
787.124	7
787.139	-1
787.155	16
787.170	-5
787.185	8
787.200	15
787.215	1
787.230	-4
787.245	2
787.261	2
787.276	9
787.291	-1
787.306	2
787.321	1
787.336	0
787.351	6
787.367	11
787.382	2
787.397	-6
787.412	1
787.427	0
787.442	-1
787.457	5
787.472	-3
787.488	4
787.503	2
787.518	3
787.533	-1
787.548	-3
787.563	-2
787.578	3
787.593	5
787.609	16
787.624	9
787.639	3
787.654	5
787.669	3
787.684	0
787.699	3
787.714	9
787.730	4
787.745	7
787.760	7
787.775	15
787.790	19
787.805	14
787.820	6
787.835	8
787.850	14
787.865	8
