771.850	16
771.866	13
771.883	8
771.899	16
771.915	18
771.931	17
771.947	15
771.964	11
771.980	13
771.996	9
772.012	17
772.028	9
772.045	9
772.061	14
772.077	10
772.093	22
772.109	13
772.126	21
772.142	14
772.158	16
772.174	9
772.190	11
772.206	15
772.223	10
772.239	17
772.255	19
772.271	19
772.287	18
772.304	15
772.320	11
772.336	14
772.352	19
772.368	11
772.384	13
772.401	11
772.417	12
772.433	24
772.449	20
772.465	11
772.482	15
772.498	13
772.514	14
772.530	21
772.546	21
772.562	29
772.579	18
772.595	21
772.611	11
772.627	15
772.643	8
772.659	14
772.675	20
772.692	15
772.708	10
772.724	16
772.740	16
772.756	8
772.772	13
772.789	19
772.805	18
772.821	10
772.837	14
772.853	11
772.869	13
772.885	13
772.902	6
772.918	11
772.934	24
772.950	21
772.966	20
772.982	22
772.998	17
773.015	7
773.031	19
773.047	19
773.063	31
773.079	20
773.095	17
773.111	11
773.127	22
773.144	21
773.160	18
773.176	13
773.192	15
773.208	11
773.224	15
773.240	15
773.256	14
773.272	8
773.289	18
773.305	15
773.321	23
773.337	24
773.353	6
773.369	18
773.385	17
773.401	20
773.417	10
773.434	14
773.450	9
773.466	16
773.482	16
773.498	14
773.514	19
773.530	19
773.546	21
773.562	16
773.579	18
773.595	18
773.611	12
773.627	24
773.643	20
773.659	16
773.675	18
773.691	14
773.707	25
773.723	8
773.739	17
773.755	18
773.772	11
773.788	17
773.804	14
773.820	13
773.836	8
773.852	22
773.868	11
773.884	12
773.900	24
773.916	30
773.932	19
773.948	25
773.964	25
773.981	20
773.997	23
774.013	26
774.029	7
774.045	18
774.061	14
774.077	15
774.093	24
774.109	18
774.125	19
774.141	13
774.157	8
774.173	15
774.189	19
774.205	14
774.221	11
774.237	16
774.254	6
774.270	12
774.286	16
774.302	17
774.318	23
774.334	21
774.350	14
774.366	17
774.382	15
774.398	11
774.414	7
774.430	13
774.446	19
774.462	15
774.478	19
774.494	17
774.510	16
774.526	12
774.542	8
774.558	13
774.574	16
774.590	10
774.606	12
774.622	13
774.638	20
774.654	5
774.670	13
774.686	12
774.702	11
774.719	15
774.735	17
774.751	11
774.767	13
774.783	12
774.799	19
774.815	21
774.831	16
774.847	20
774.863	12
774.879	11
774.895	17
774.911	14
774.927	12
774.943	16
774.959	12
774.975	18
774.991	18
775.007	22
775.023	12
775.039	10
775.055	12
775.071	13
775.087	9
775.103	16
775.119	18
775.135	16
775.151	18
775.167	13
775.183	21
775.199	22
775.215	17
775.231	12
775.247	22
775.262	16
775.278	18
775.294	9
775.310	4
775.326	12
775.342	14
775.358	19
775.374	13
775.390	7
775.406	18
775.422	13
775.438	21
775.454	25
775.470	11
775.486	6
775.502	17
775.518	18
775.534	15
775.550	20
775.566	10
775.582	22
775.598	16
775.614	5
775.630	19
775.646	17
775.662	18
775.678	11
775.694	16
775.710	10
775.725	14
775.741	18
775.757	13
775.773	13
775.789	11
775.805	23
775.821	10
775.837	13
775.853	7
775.869	7
775.885	18
775.901	13
775.917	13
775.933	19
775.949	16
775.965	16
775.981	6
775.996	11
776.012	16
776.028	18
776.044	10
776.060	15
776.076	13
776.092	17
776.108	6
776.124	15
776.140	12
776.156	22
776.172	15
776.188	9
776.203	21
776.219	18
776.235	18
776.251	16
776.267	15
776.283	16
776.299	19
776.315	20
776.331	22
776.347	15
776.363	16
776.378	24
776.394	17
776.410	18
776.426	12
776.442	19
776.458	10
776.474	15
776.490	19
776.506	12
776.522	24
776.537	14
776.553	18
776.569	13
776.585	15
776.601	22
776.617	11
776.633	18
776.649	15
776.665	19
776.680	10
776.696	11
776.712	16
776.728	13
776.744	16
776.760	30
776.776	18
776.792	7
776.808	12
776.823	15
776.839	13
776.855	16
776.871	17
776.887	13
776.903	17
776.919	21
776.934	16
776.950	19
776.966	24
776.982	15
776.998	12
777.014	11
777.030	21
777.046	16
777.061	10
777.077	18
777.093	16
777.109	19
777.125	18
777.141	13
777.157	14
777.172	15
777.188	20
777.204	10
777.220	16
777.236	11
777.252	21
777.267	22
777.283	18
777.299	9
777.315	31
777.331	37
777.347	33
777.362	21
777.378	22
777.394	24
777.410	19
777.426	19
777.442	15
777.457	12
777.473	17
777.489	22
777.505	15
777.521	13
777.537	12
777.552	25
777.568	12
777.584	20
777.600	14
777.616	14
777.632	9
777.647	10
777.663	12
777.679	14
777.695	13
777.711	17
777.726	21
777.742	22
777.758	34
777.774	25
777.790	21
777.806	20
777.821	12
777.837	19
777.853	17
777.869	23
777.885	29
777.900	24
777.916	10
777.932	21
777.948	12
777.964	24
777.979	16
777.995	21
778.011	15
778.027	17
778.042	12
778.058	11
778.074	13
778.090	10
778.106	10
778.121	17
778.137	14
778.153	13
778.169	16
778.185	13
778.200	5
778.216	4
778.232	14
778.248	13
778.263	18
778.279	19
778.295	5
778.311	15
778.327	16
778.342	3
778.358	16
778.374	11
778.390	16
778.405	18
778.421	20
778.437	14
778.453	17
778.468	14
778.484	0
778.500	3
778.516	14
778.531	5
778.547	15
778.563	13
778.579	15
778.594	22
778.610	24
778.626	15
778.642	9
778.658	9
778.673	12
778.689	12
778.705	19
778.720	8
778.736	15
778.752	12
778.768	13
778.783	17
778.799	12
778.815	23
778.831	17
778.846	21
778.862	19
778.878	16
778.894	18
778.909	15
778.925	20
778.941	19
778.957	18
778.972	5
778.988	16
779.004	12
779.019	14
779.035	11
779.051	15
779.067	25
779.082	16
779.098	13
779.114	22
779.129	9
779.145	21
779.161	20
779.177	16
779.192	12
779.208	18
779.224	17
779.239	18
779.255	9
779.271	15
779.287	21
779.302	15
779.318	13
779.334	12
779.349	8
779.365	16
779.381	9
779.396	19
779.412	21
779.428	5
779.444	8
779.459	14
779.475	7
779.491	12
779.506	11
779.522	14
779.538	15
779.553	19
779.569	12
779.585	18
779.600	20
779.616	8
779.632	13
779.647	13
779.663	14
779.679	24
779.695	21
779.710	18
779.726	4
779.742	16
779.757	14
779.773	22
779.789	14
779.804	22
779.820	27
779.836	24
779.851	17
779.867	6
779.883	12
779.898	11
779.914	17
779.930	7
779.945	8
779.961	12
779.977	8
779.992	17
780.008	13
780.023	10
780.039	12
780.055	8
780.070	2
780.086	12
780.102	13
780.117	9
780.133	11
780.149	19
780.164	19
780.180	3
780.196	11
780.211	6
780.227	12
780.243	12
780.258	9
780.274	15
780.289	17
780.305	10
780.321	22
780.336	11
780.352	9
780.368	9
780.383	11
780.399	11
780.414	16
780.430	17
780.446	18
780.461	15
780.477	17
780.493	7
780.508	14
780.524	11
780.539	13
780.555	1
780.571	12
780.586	15
780.602	13
780.618	33
780.633	8
780.649	15
780.664	15
780.680	13
780.696	10
780.711	8
780.727	23
780.742	18
780.758	19
780.774	19
780.789	24
780.805	13
780.820	10
780.836	14
780.852	15
780.867	22
780.883	20
780.898	18
780.914	10
780.930	12
780.945	13
780.961	16
780.976	20
780.992	11
781.008	20
781.023	13
781.039	15
781.054	8
781.070	18
781.085	15
781.101	7
781.117	17
781.132	19
781.148	12
781.163	21
781.179	14
781.194	20
781.210	14
781.226	9
781.241	14
781.257	14
781.272	10
781.288	13
781.303	23
781.319	11
781.335	9
781.350	21
781.366	23
781.381	20
781.397	22
781.412	22
781.428	17
781.443	10
781.459	15
781.475	21
781.490	13
781.506	10
781.521	10
781.537	11
781.552	23
781.568	18
781.583	18
781.599	17
781.614	18
781.630	18
781.646	16
781.661	20
781.677	7
781.692	15
781.708	15
781.723	22
781.739	20
781.754	14
781.770	4
781.785	12
781.801	17
781.816	8
781.832	19
781.848	17
781.863	18
781.879	20
781.894	21
781.910	11
781.925	22
781.941	21
781.956	11
781.972	15
781.987	12
782.003	13
782.018	15
782.034	20
782.049	13
782.065	20
782.080	18
782.096	29
782.111	33
782.127	27
782.142	24
782.158	30
782.173	23
782.189	13
782.204	21
782.220	21
782.235	18
782.251	26
782.266	25
782.282	18
782.297	21
782.313	25
782.328	14
782.344	17
782.359	10
782.375	17
782.390	17
782.406	15
782.421	18
782.437	21
782.452	19
782.468	22
782.483	17
782.499	19
782.514	14
782.530	11
782.545	20
782.561	13
782.576	20
782.592	17
782.607	20
782.622	22
782.638	12
782.653	15
782.669	16
782.684	26
782.700	26
782.715	18
782.731	21
782.746	17
782.762	25
782.777	20
782.793	36
782.808	17
782.824	25
782.839	14
782.854	27
782.870	19
782.885	28
782.901	25
782.916	18
782.932	14
782.947	7
782.963	18
782.978	17
782.993	23
783.009	12
783.024	26
783.040	37
783.055	50
783.071	51
783.086	47
783.102	60
783.117	63
783.132	79
783.148	64
783.163	73
783.179	75
783.194	69
783.210	54
783.225	49
783.240	40
783.256	40
783.271	30
783.287	28
783.302	28
783.318	35
783.333	30
783.348	23
783.364	36
783.379	32
783.395	23
783.410	20
783.426	48
783.441	19
783.456	14
783.472	12
783.487	17
783.503	19
783.518	19
783.533	22
783.549	40
783.564	52
783.580	56
783.595	56
783.610	56
783.626	51
783.641	35
783.657	35
783.672	24
783.687	26
783.703	28
783.718	42
783.734	51
783.749	49
783.764	59
783.780	42
783.795	53
783.811	37
783.826	42
783.841	45
783.857	41
783.872	72
783.888	85
783.903	77
783.918	69
783.934	53
783.949	27
783.964	31
783.980	53
783.995	67
784.011	63
784.026	61
784.041	44
784.057	24
784.072	22
784.087	18
784.103	43
784.118	59
784.134	49
784.149	45
784.164	25
784.180	15
784.195	26
784.210	54
784.226	61
784.241	46
784.256	39
784.272	33
784.287	30
784.302	32
784.318	42
784.333	58
784.349	55
784.364	22
784.379	22
784.395	27
784.410	34
784.425	31
784.441	25
784.456	12
784.471	37
784.487	51
784.502	51
784.517	35
784.533	30
784.548	43
784.563	59
784.579	45
784.594	48
784.609	47
784.625	47
784.640	31
784.655	42
784.671	61
784.686	59
784.701	48
784.717	39
784.732	42
784.747	56
784.763	57
784.778	37
784.793	46
784.809	44
784.824	51
784.839	65
784.854	40
784.870	33
784.885	54
784.900	73
784.916	56
784.931	27
784.946	33
784.962	59
784.977	56
784.992	33
785.008	27
785.023	43
785.038	48
785.053	21
785.069	14
785.084	59
785.099	53
785.115	29
785.130	19
785.145	58
785.161	70
785.176	26
785.191	24
785.206	42
785.222	51
785.237	43
785.252	17
785.268	43
785.283	32
785.298	33
785.313	31
785.329	45
785.344	32
785.359	33
785.375	26
785.390	39
785.405	31
785.420	51
785.436	40
785.451	35
785.466	27
785.481	34
785.497	41
785.512	22
785.527	31
785.543	23
785.558	27
785.573	31
785.588	34
785.604	36
785.619	24
785.634	27
785.649	58
785.665	38
785.680	19
785.695	22
785.710	31
785.726	52
785.741	60
785.756	75
785.771	40
785.787	37
785.802	29
785.817	48
785.832	18
785.848	20
785.863	68
785.878	50
785.893	68
785.909	53
785.924	60
785.939	34
785.954	43
785.970	54
785.985	40
786.000	47
786.015	39
786.030	38
786.046	33
786.061	39
786.076	47
786.091	31
786.107	44
786.122	28
786.137	22
786.152	40
786.168	30
786.183	26
786.198	15
786.213	35
786.228	26
786.244	38
786.259	40
786.274	46
786.289	32
786.304	29
786.320	28
786.335	31
786.350	20
786.365	37
786.381	27
786.396	36
786.411	42
786.426	26
786.441	58
786.457	33
786.472	42
786.487	57
786.502	29
786.517	19
786.533	27
786.548	33
786.563	18
786.578	18
786.593	31
786.608	34
786.624	45
786.639	51
786.654	32
786.669	55
786.684	30
786.700	33
786.715	55
786.730	45
786.745	49
786.760	45
786.775	23
786.791	36
786.806	35
786.821	34
786.836	19
786.851	25
786.867	31
786.882	44
786.897	33
786.912	24
786.927	27
786.942	31
786.958	27
786.973	33
786.988	27
787.003	39
787.018	38
787.033	20
787.049	35
787.064	14
787.079	36
787.094	38
787.109	21
787.124	20
787.139	25
787.155	35
787.170	35
787.185	21
787.200	25
787.215	19
787.230	14
787.245	17
787.261	16
787.276	24
787.291	23
787.306	33
787.321	37
787.336	32
787.351	32
787.367	26
787.382	17
787.397	5
787.412	17
787.427	16
787.442	20
787.457	27
787.472	17
787.488	22
787.503	18
787.518	12
787.533	11
787.548	14
787.563	21
787.578	38
787.593	43
787.609	39
787.624	39
787.639	25
787.654	21
787.669	17
787.684	25
787.699	47
787.714	58
787.730	73
787.745	83
787.760	109
787.775	91
787.790	117
787.805	79
787.820	66
787.835	52
787.850	57
787.865	50
