771.850	14
771.866	14
771.883	6
771.899	13
771.915	19
771.931	13
771.947	12
771.964	19
771.980	20
771.996	5
772.012	17
772.028	4
772.045	12
772.061	10
772.077	8
772.093	12
772.109	11
772.126	13
772.142	5
772.158	17
772.174	10
772.190	12
772.206	20
772.223	10
772.239	11
772.255	6
772.271	17
772.287	15
772.304	13
772.320	3
772.336	12
772.352	16
772.368	10
772.384	8
772.401	5
772.417	9
772.433	15
772.449	8
772.465	8
772.482	10
772.498	9
772.514	8
772.530	14
772.546	18
772.562	20
772.579	14
772.595	14
772.611	14
772.627	12
772.643	12
772.659	7
772.675	17
772.692	4
772.708	8
772.724	14
772.740	12
772.756	9
772.772	14
772.789	15
772.805	9
772.821	11
772.837	11
772.853	7
772.869	7
772.885	7
772.902	-1
772.918	9
772.934	18
772.950	6
772.966	9
772.982	14
772.998	16
773.015	-4
773.031	16
773.047	17
773.063	15
773.079	12
773.095	17
773.111	12
773.127	21
773.144	10
773.160	13
773.176	5
773.192	11
773.208	12
773.224	11
773.240	12
773.256	9
773.272	7
773.289	14
773.305	9
773.321	16
773.337	15
773.353	7
773.369	13
773.385	7
773.401	10
773.417	15
773.434	11
773.450	10
773.466	16
773.482	20
773.498	13
773.514	20
773.530	14
773.546	17
773.562	18
773.579	12
773.595	11
773.611	17
773.627	17
773.643	11
773.659	14
773.675	10
773.691	9
773.707	7
773.723	4
773.739	14
773.755	14
773.772	8
773.788	12
773.804	4
773.820	2
773.836	6
773.852	21
773.868	8
773.884	9
773.900	21
773.916	17
773.932	12
773.948	17
773.964	24
773.981	9
773.997	16
774.013	12
774.029	9
774.045	6
774.061	11
774.077	19
774.093	20
774.109	13
774.125	20
774.141	11
774.157	0
774.173	15
774.189	11
774.205	8
774.221	5
774.237	14
774.254	6
774.270	8
774.286	13
774.302	9
774.318	16
774.334	12
774.350	11
774.366	12
774.382	15
774.398	9
774.414	10
774.430	6
774.446	9
774.462	9
774.478	22
774.494	12
774.510	21
774.526	9
774.542	9
774.558	17
774.574	6
774.590	4
774.606	12
774.622	13
774.638	12
774.654	3
774.670	17
774.686	11
774.702	4
774.719	9
774.735	14
774.751	11
774.767	6
774.783	14
774.799	15
774.815	13
774.831	16
774.847	16
774.863	12
774.879	-1
774.895	17
774.911	13
774.927	10
774.943	13
774.959	8
774.975	13
774.991	11
775.007	15
775.023	12
775.039	16
775.055	19
775.071	9
775.087	14
775.103	14
775.119	13
775.135	12
775.151	7
775.167	9
775.183	15
775.199	17
775.215	16
775.231	6
775.247	14
775.262	14
775.278	8
775.294	15
775.310	4
775.326	7
775.342	9
775.358	6
775.374	4
775.390	10
775.406	10
775.422	12
775.438	13
775.454	16
775.470	9
775.486	6
775.502	21
775.518	12
775.534	16
775.550	19
775.566	14
775.582	11
775.598	5
775.614	0
775.630	11
775.646	19
775.662	10
775.678	11
775.694	14
775.710	5
775.725	17
775.741	13
775.757	6
775.773	9
775.789	14
775.805	12
775.821	6
775.837	7
775.853	6
775.869	3
775.885	15
775.901	12
775.917	6
775.933	12
775.949	6
775.965	15
775.981	8
775.996	7
776.012	9
776.028	10
776.044	5
776.060	6
776.076	6
776.092	11
776.108	6
776.124	15
776.140	17
776.156	14
776.172	10
776.188	10
776.203	9
776.219	8
776.235	15
776.251	14
776.267	10
776.283	10
776.299	9
776.315	17
776.331	13
776.347	10
776.363	16
776.378	16
776.394	13
776.410	14
776.426	9
776.442	11
776.458	8
776.474	15
776.490	10
776.506	13
776.522	17
776.537	5
776.553	18
776.569	6
776.585	12
776.601	17
776.617	2
776.633	13
776.649	12
776.665	12
776.680	3
776.696	1
776.712	20
776.728	7
776.744	9
776.760	20
776.776	4
776.792	17
776.808	7
776.823	12
776.839	8
776.855	12
776.871	7
776.887	14
776.903	14
776.919	18
776.934	12
776.950	15
776.966	22
776.982	6
776.998	5
777.014	11
777.030	14
777.046	8
777.061	14
777.077	18
777.093	7
777.109	15
777.125	8
777.141	15
777.157	9
777.172	5
777.188	16
777.204	12
777.220	23
777.236	16
777.252	9
777.267	17
777.283	11
777.299	7
777.315	21
777.331	23
777.347	20
777.362	12
777.378	16
777.394	17
777.410	17
777.426	15
777.442	10
777.457	10
777.473	5
777.489	5
777.505	16
777.521	10
777.537	11
777.552	14
777.568	11
777.584	6
777.600	16
777.616	7
777.632	12
777.647	9
777.663	9
777.679	6
777.695	7
777.711	17
777.726	21
777.742	15
777.758	17
777.774	17
777.790	17
777.806	13
777.821	12
777.837	10
777.853	13
777.869	23
777.885	22
777.900	20
777.916	14
777.932	19
777.948	5
777.964	15
777.979	14
777.995	22
778.011	7
778.027	15
778.042	9
778.058	4
778.074	17
778.090	6
778.106	9
778.121	13
778.137	18
778.153	4
778.169	11
778.185	10
778.200	4
778.216	11
778.232	7
778.248	12
778.263	16
778.279	8
778.295	2
778.311	7
778.327	10
778.342	6
778.358	12
778.374	12
778.390	10
778.405	11
778.421	13
778.437	17
778.453	9
778.468	16
778.484	1
778.500	5
778.516	3
778.531	7
778.547	17
778.563	14
778.579	8
778.594	16
778.610	16
778.626	11
778.642	1
778.658	7
778.673	7
778.689	7
778.705	16
778.720	5
778.736	14
778.752	13
778.768	6
778.783	14
778.799	17
778.815	14
778.831	9
778.846	8
778.862	18
778.878	6
778.894	13
778.909	7
778.925	15
778.941	11
778.957	18
778.972	7
778.988	15
779.004	3
779.019	12
779.035	4
779.051	15
779.067	20
779.082	15
779.098	12
779.114	7
779.129	10
779.145	18
779.161	14
779.177	15
779.192	9
779.208	11
779.224	12
779.239	16
779.255	9
779.271	12
779.287	18
779.302	7
779.318	11
779.334	14
779.349	5
779.365	7
779.381	4
779.396	6
779.412	10
779.428	8
779.444	6
779.459	10
779.475	9
779.491	10
779.506	7
779.522	13
779.538	6
779.553	17
779.569	9
779.585	12
779.600	21
779.616	10
779.632	7
779.647	9
779.663	12
779.679	11
779.695	14
779.710	9
779.726	4
779.742	19
779.757	9
779.773	17
779.789	12
779.804	14
779.820	13
779.836	16
779.851	7
779.867	8
779.883	10
779.898	4
779.914	9
779.930	8
779.945	11
779.961	12
779.977	5
779.992	12
780.008	10
780.023	3
780.039	8
780.055	4
780.070	1
780.086	0
780.102	6
780.117	7
780.133	7
780.149	13
780.164	18
780.180	4
780.196	9
780.211	5
780.227	15
780.243	10
780.258	12
780.274	5
780.289	14
780.305	11
780.321	9
780.336	8
780.352	8
780.368	8
780.383	10
780.399	8
780.414	8
780.430	12
780.446	12
780.461	17
780.477	10
780.493	9
780.508	6
780.524	9
780.539	11
780.555	10
780.571	10
780.586	13
780.602	10
780.618	25
780.633	5
780.649	13
780.664	10
780.680	4
780.696	8
780.711	7
780.727	18
780.742	11
780.758	17
780.774	17
780.789	17
780.805	8
780.820	10
780.836	4
780.852	6
780.867	14
780.883	19
780.898	16
780.914	7
780.930	15
780.945	11
780.961	17
780.976	7
780.992	4
781.008	20
781.023	9
781.039	8
781.054	12
781.070	17
781.085	18
781.101	2
781.117	19
781.132	10
781.148	5
781.163	15
781.179	9
781.194	13
781.210	16
781.226	8
781.241	7
781.257	10
781.272	11
781.288	7
781.303	10
781.319	10
781.335	2
781.350	21
781.366	16
781.381	19
781.397	9
781.412	15
781.428	15
781.443	12
781.459	11
781.475	10
781.490	9
781.506	11
781.521	16
781.537	10
781.552	15
781.568	12
781.583	14
781.599	14
781.614	11
781.630	7
781.646	10
781.661	14
781.677	14
781.692	6
781.708	10
781.723	15
781.739	10
781.754	10
781.770	4
781.785	5
781.801	15
781.816	8
781.832	23
781.848	10
781.863	13
781.879	13
781.894	16
781.910	11
781.925	20
781.941	12
781.956	4
781.972	14
781.987	15
782.003	12
782.018	10
782.034	12
782.049	13
782.065	18
782.080	13
782.096	23
782.111	30
782.127	17
782.142	17
782.158	26
782.173	21
782.189	11
782.204	22
782.220	14
782.235	18
782.251	17
782.266	18
782.282	20
782.297	19
782.313	14
782.328	10
782.344	16
782.359	9
782.375	11
782.390	13
782.406	12
782.421	14
782.437	12
782.452	12
782.468	18
782.483	14
782.499	20
782.514	7
782.530	8
782.545	20
782.561	12
782.576	12
782.592	17
782.607	15
782.622	15
782.638	9
782.653	16
782.669	18
782.684	22
782.700	25
782.715	20
782.731	26
782.746	17
782.762	15
782.777	16
782.793	32
782.808	15
782.824	21
782.839	12
782.854	17
782.870	16
782.885	14
782.901	14
782.916	16
782.932	8
782.947	5
782.963	16
782.978	24
782.993	14
783.009	9
783.024	15
783.040	28
783.055	38
783.071	37
783.086	41
783.102	50
783.117	49
783.132	61
783.148	48
783.163	71
783.179	57
783.194	56
783.210	52
783.225	34
783.240	32
783.256	31
783.271	17
783.287	19
783.302	17
783.318	26
783.333	26
783.348	19
783.364	30
783.379	17
783.395	22
783.410	19
783.426	27
783.441	15
783.456	12
783.472	11
783.487	20
783.503	21
783.518	19
783.533	14
783.549	29
783.564	38
783.580	37
783.595	50
783.610	35
783.626	38
783.641	17
783.657	22
783.672	18
783.687	13
783.703	17
783.718	35
783.734	44
783.749	44
783.764	51
783.780	34
783.795	41
783.811	29
783.826	36
783.841	29
783.857	39
783.872	58
783.888	70
783.903	65
783.918	64
783.934	40
783.949	20
783.964	22
783.980	37
783.995	57
784.011	58
784.026	60
784.041	32
784.057	18
784.072	16
784.087	18
784.103	33
784.118	41
784.134	45
784.149	25
784.164	19
784.180	10
784.195	19
784.210	41
784.226	40
784.241	38
784.256	26
784.272	28
784.287	23
784.302	35
784.318	36
784.333	51
784.349	39
784.364	23
784.379	20
784.395	22
784.410	29
784.425	25
784.441	19
784.456	9
784.471	27
784.487	40
784.502	34
784.517	27
784.533	23
784.548	34
784.563	36
784.579	33
784.594	34
784.609	35
784.625	31
784.640	28
784.655	27
784.671	43
784.686	48
784.701	41
784.717	23
784.732	30
784.747	50
784.763	47
784.778	35
784.793	30
784.809	35
784.824	47
784.839	46
784.854	29
784.870	22
784.885	45
784.900	51
784.916	42
784.931	23
784.946	17
784.962	47
784.977	36
784.992	21
785.008	12
785.023	27
785.038	41
785.053	18
785.069	15
785.084	42
785.099	34
785.115	19
785.130	17
785.145	41
785.161	58
785.176	21
785.191	15
785.206	28
785.222	45
785.237	37
785.252	11
785.268	34
785.283	26
785.298	22
785.313	26
785.329	39
785.344	27
785.359	23
785.375	21
785.390	42
785.405	21
785.420	35
785.436	21
785.451	20
785.466	24
785.481	33
785.497	36
785.512	21
785.527	28
785.543	21
785.558	16
785.573	24
785.588	24
785.604	31
785.619	24
785.634	19
785.649	39
785.665	35
785.680	24
785.695	11
785.710	10
785.726	45
785.741	43
785.756	66
785.771	24
785.787	28
785.802	21
785.817	29
785.832	21
785.848	11
785.863	53
785.878	40
785.893	48
785.909	30
785.924	46
785.939	23
785.954	23
785.970	38
785.985	33
786.000	44
786.015	31
786.030	29
786.046	28
786.061	30
786.076	39
786.091	26
786.107	33
786.122	26
786.137	16
786.152	30
786.168	23
786.183	24
786.198	13
786.213	31
786.228	21
786.244	36
786.259	24
786.274	36
786.289	28
786.304	25
786.320	16
786.335	17
786.350	26
786.365	31
786.381	21
786.396	34
786.411	29
786.426	30
786.441	50
786.457	19
786.472	26
786.487	32
786.502	27
786.517	21
786.533	27
786.548	24
786.563	13
786.578	20
786.593	14
786.608	27
786.624	32
786.639	37
786.654	27
786.669	37
786.684	27
786.700	25
786.715	44
786.730	33
786.745	24
786.760	35
786.775	27
786.791	34
786.806	29
786.821	13
786.836	20
786.851	23
786.867	21
786.882	38
786.897	32
786.912	12
786.927	28
786.942	24
786.958	32
786.973	28
786.988	8
787.003	25
787.018	20
787.033	17
787.049	21
787.064	15
787.079	33
787.094	28
787.109	19
787.124	16
787.139	26
787.155	28
787.170	16
787.185	21
787.200	18
787.215	20
787.230	6
787.245	17
787.261	13
787.276	13
787.291	20
787.306	27
787.321	28
787.336	24
787.351	27
787.367	33
787.382	17
787.397	6
787.412	15
787.427	19
787.442	19
787.457	23
787.472	26
787.488	17
787.503	15
787.518	15
787.533	14
787.548	7
787.563	14
787.578	19
787.593	32
787.609	32
787.624	28
787.639	24
787.654	7
787.669	14
787.684	15
787.699	32
787.714	46
787.730	53
787.745	66
787.760	93
787.775	72
787.790	83
787.805	74
787.820	56
787.835	36
787.850	46
787.865	52
