771.850	26
771.866	36
771.883	21
771.899	41
771.915	44
771.931	34
771.947	26
771.964	33
771.980	32
771.996	31
772.012	32
772.028	31
772.045	20
772.061	32
772.077	23
772.093	40
772.109	27
772.126	37
772.142	30
772.158	36
772.174	21
772.190	28
772.206	40
772.223	28
772.239	24
772.255	28
772.271	39
772.287	32
772.304	44
772.320	16
772.336	28
772.352	29
772.368	27
772.384	29
772.401	31
772.417	34
772.433	41
772.449	23
772.465	25
772.482	23
772.498	23
772.514	31
772.530	38
772.546	38
772.562	44
772.579	42
772.595	27
772.611	24
772.627	21
772.643	31
772.659	24
772.675	35
772.692	20
772.708	27
772.724	32
772.740	30
772.756	25
772.772	28
772.789	32
772.805	29
772.821	26
772.837	36
772.853	26
772.869	28
772.885	32
772.902	40
772.918	34
772.934	43
772.950	34
772.966	39
772.982	41
772.998	30
773.015	31
773.031	36
773.047	34
773.063	38
773.079	31
773.095	35
773.111	20
773.127	38
773.144	30
773.160	28
773.176	28
773.192	33
773.208	29
773.224	38
773.240	26
773.256	36
773.272	26
773.289	31
773.305	38
773.321	35
773.337	48
773.353	22
773.369	32
773.385	28
773.401	33
773.417	29
773.434	33
773.450	30
773.466	37
773.482	49
773.498	40
773.514	49
773.530	35
773.546	55
773.562	43
773.579	38
773.595	41
773.611	42
773.627	51
773.643	37
773.659	32
773.675	26
773.691	36
773.707	35
773.723	24
773.739	30
773.755	34
773.772	27
773.788	30
773.804	27
773.820	32
773.836	26
773.852	31
773.868	24
773.884	42
773.900	45
773.916	43
773.932	39
773.948	53
773.964	39
773.981	45
773.997	37
774.013	40
774.029	23
774.045	30
774.061	32
774.077	32
774.093	33
774.109	32
774.125	36
774.141	34
774.157	18
774.173	30
774.189	23
774.205	27
774.221	19
774.237	25
774.254	23
774.270	27
774.286	27
774.302	34
774.318	39
774.334	38
774.350	34
774.366	30
774.382	32
774.398	26
774.414	21
774.430	32
774.446	36
774.462	34
774.478	39
774.494	29
774.510	26
774.526	28
774.542	28
774.558	26
774.574	25
774.590	20
774.606	28
774.622	32
774.638	31
774.654	26
774.670	23
774.686	23
774.702	19
774.719	27
774.735	26
774.751	34
774.767	24
774.783	22
774.799	28
774.815	35
774.831	32
774.847	32
774.863	32
774.879	26
774.895	37
774.911	30
774.927	32
774.943	40
774.959	21
774.975	41
774.991	36
775.007	38
775.023	33
775.039	32
775.055	36
775.071	31
775.087	29
775.103	32
775.119	43
775.135	44
775.151	31
775.167	28
775.183	41
775.199	33
775.215	34
775.231	26
775.247	34
775.262	32
775.278	33
775.294	35
775.310	33
775.326	22
775.342	39
775.358	29
775.374	26
775.390	25
775.406	29
775.422	30
775.438	36
775.454	38
775.470	40
775.486	28
775.502	38
775.518	43
775.534	42
775.550	37
775.566	35
775.582	36
775.598	27
775.614	21
775.630	33
775.646	34
775.662	41
775.678	22
775.694	34
775.710	22
775.725	28
775.741	33
775.757	24
775.773	23
775.789	35
775.805	33
775.821	27
775.837	26
775.853	19
775.869	29
775.885	37
775.901	35
775.917	25
775.933	36
775.949	27
775.965	33
775.981	25
775.996	22
776.012	29
776.028	32
776.044	25
776.060	25
776.076	35
776.092	28
776.108	24
776.124	31
776.140	29
776.156	36
776.172	30
776.188	19
776.203	34
776.219	32
776.235	47
776.251	37
776.267	24
776.283	33
776.299	28
776.315	40
776.331	41
776.347	35
776.363	39
776.378	34
776.394	37
776.410	28
776.426	21
776.442	28
776.458	25
776.474	31
776.490	32
776.506	26
776.522	37
776.537	30
776.553	27
776.569	29
776.585	29
776.601	30
776.617	30
776.633	34
776.649	21
776.665	29
776.680	31
776.696	23
776.712	39
776.728	29
776.744	28
776.760	32
776.776	29
776.792	22
776.808	34
776.823	32
776.839	27
776.855	32
776.871	26
776.887	35
776.903	33
776.919	40
776.934	41
776.950	36
776.966	36
776.982	30
776.998	24
777.014	22
777.030	33
777.046	39
777.061	24
777.077	35
777.093	27
777.109	29
777.125	29
777.141	33
777.157	28
777.172	36
777.188	34
777.204	33
777.220	39
777.236	31
777.252	41
777.267	35
777.283	25
777.299	34
777.315	52
777.331	70
777.347	48
777.362	41
777.378	60
777.394	57
777.410	45
777.426	33
777.442	39
777.457	33
777.473	25
777.489	37
777.505	29
777.521	23
777.537	26
777.552	41
777.568	31
777.584	25
777.600	39
777.616	39
777.632	25
777.647	21
777.663	31
777.679	40
777.695	33
777.711	42
777.726	41
777.742	54
777.758	56
777.774	62
777.790	51
777.806	44
777.821	30
777.837	39
777.853	49
777.869	46
777.885	57
777.900	38
777.916	30
777.932	38
777.948	33
777.964	47
777.979	43
777.995	31
778.011	28
778.027	19
778.042	32
778.058	15
778.074	26
778.090	24
778.106	40
778.121	40
778.137	35
778.153	22
778.169	28
778.185	31
778.200	23
778.216	30
778.232	26
778.248	34
778.263	37
778.279	36
778.295	25
778.311	33
778.327	32
778.342	28
778.358	30
778.374	29
778.390	37
778.405	32
778.421	41
778.437	30
778.453	26
778.468	23
778.484	18
778.500	16
778.516	21
778.531	17
778.547	24
778.563	23
778.579	32
778.594	40
778.610	38
778.626	28
778.642	24
778.658	21
778.673	25
778.689	24
778.705	37
778.720	22
778.736	33
778.752	28
778.768	28
778.783	40
778.799	41
778.815	33
778.831	33
778.846	31
778.862	45
778.878	30
778.894	35
778.909	31
778.925	30
778.941	29
778.957	41
778.972	23
778.988	29
779.004	25
779.019	28
779.035	26
779.051	39
779.067	39
779.082	40
779.098	34
779.114	35
779.129	26
779.145	35
779.161	42
779.177	37
779.192	25
779.208	34
779.224	46
779.239	35
779.255	20
779.271	38
779.287	33
779.302	32
779.318	31
779.334	33
779.349	25
779.365	28
779.381	24
779.396	31
779.412	32
779.428	32
779.444	32
779.459	26
779.475	27
779.491	34
779.506	24
779.522	44
779.538	33
779.553	32
779.569	23
779.585	30
779.600	36
779.616	32
779.632	33
779.647	28
779.663	35
779.679	37
779.695	37
779.710	24
779.726	23
779.742	31
779.757	35
779.773	40
779.789	26
779.804	32
779.820	37
779.836	47
779.851	19
779.867	23
779.883	30
779.898	29
779.914	25
779.930	21
779.945	21
779.961	25
779.977	25
779.992	26
780.008	25
780.023	10
780.039	20
780.055	30
780.070	11
780.086	20
780.102	23
780.117	17
780.133	22
780.149	28
780.164	32
780.180	17
780.196	22
780.211	22
780.227	24
780.243	32
780.258	24
780.274	27
780.289	34
780.305	25
780.321	29
780.336	18
780.352	22
780.368	20
780.383	15
780.399	32
780.414	33
780.430	31
780.446	38
780.461	29
780.477	25
780.493	33
780.508	30
780.524	19
780.539	25
780.555	16
780.571	31
780.586	32
780.602	31
780.618	45
780.633	29
780.649	39
780.664	30
780.680	24
780.696	17
780.711	35
780.727	41
780.742	32
780.758	35
780.774	27
780.789	34
780.805	27
780.820	25
780.836	32
780.852	27
780.867	31
780.883	33
780.898	37
780.914	32
780.930	31
780.945	26
780.961	24
780.976	28
780.992	29
781.008	37
781.023	31
781.039	29
781.054	29
781.070	37
781.085	38
781.101	21
781.117	33
781.132	39
781.148	19
781.163	33
781.179	36
781.194	30
781.210	29
781.226	33
781.241	27
781.257	28
781.272	24
781.288	27
781.303	33
781.319	30
781.335	21
781.350	38
781.366	49
781.381	30
781.397	37
781.412	34
781.428	35
781.443	33
781.459	33
781.475	25
781.490	38
781.506	29
781.521	32
781.537	29
781.552	32
781.568	29
781.583	34
781.599	35
781.614	29
781.630	33
781.646	29
781.661	38
781.677	27
781.692	31
781.708	19
781.723	47
781.739	33
781.754	32
781.770	23
781.785	30
781.801	37
781.816	18
781.832	46
781.848	36
781.863	33
781.879	38
781.894	31
781.910	36
781.925	36
781.941	37
781.956	32
781.972	33
781.987	33
782.003	33
782.018	43
782.034	36
782.049	30
782.065	39
782.080	52
782.096	53
782.111	66
782.127	61
782.142	70
782.158	56
782.173	48
782.189	41
782.204	49
782.220	45
782.235	43
782.251	49
782.266	47
782.282	50
782.297	43
782.313	46
782.328	32
782.344	30
782.359	24
782.375	35
782.390	38
782.406	29
782.421	42
782.437	37
782.452	38
782.468	38
782.483	36
782.499	39
782.514	25
782.530	24
782.545	33
782.561	35
782.576	35
782.592	34
782.607	36
782.622	33
782.638	31
782.653	31
782.669	33
782.684	57
782.700	52
782.715	49
782.731	46
782.746	38
782.762	45
782.777	55
782.793	77
782.808	49
782.824	44
782.839	24
782.854	39
782.870	48
782.885	51
782.901	44
782.916	39
782.932	40
782.947	36
782.963	37
782.978	41
782.993	41
783.009	44
783.024	63
783.040	74
783.055	101
783.071	113
783.086	100
783.102	128
783.117	141
783.132	159
783.148	149
783.163	169
783.179	165
783.194	145
783.210	121
783.225	102
783.240	102
783.256	86
783.271	61
783.287	57
783.302	53
783.318	54
783.333	50
783.348	57
783.364	70
783.379	56
783.395	50
783.410	63
783.426	79
783.441	39
783.456	30
783.472	30
783.487	40
783.503	39
783.518	45
783.533	50
783.549	82
783.564	96
783.580	116
783.595	123
783.610	116
783.626	105
783.641	62
783.657	62
783.672	48
783.687	52
783.703	51
783.718	88
783.734	116
783.749	114
783.764	122
783.780	96
783.795	110
783.811	71
783.826	94
783.841	94
783.857	100
783.872	152
783.888	176
783.903	157
783.918	153
783.934	97
783.949	44
783.964	58
783.980	108
783.995	143
784.011	154
784.026	125
784.041	96
784.057	50
784.072	51
784.087	42
784.103	78
784.118	129
784.134	128
784.149	95
784.164	54
784.180	40
784.195	61
784.210	118
784.226	122
784.241	108
784.256	85
784.272	62
784.287	55
784.302	85
784.318	112
784.333	134
784.349	106
784.364	52
784.379	39
784.395	62
784.410	84
784.425	57
784.441	45
784.456	42
784.471	77
784.487	94
784.502	81
784.517	77
784.533	61
784.548	94
784.563	106
784.579	87
784.594	88
784.609	117
784.625	91
784.640	85
784.655	82
784.671	116
784.686	124
784.701	110
784.717	73
784.732	80
784.747	121
784.763	125
784.778	102
784.793	74
784.809	105
784.824	128
784.839	132
784.854	75
784.870	57
784.885	121
784.900	151
784.916	118
784.931	63
784.946	55
784.962	128
784.977	100
784.992	53
785.008	44
785.023	93
785.038	101
785.053	44
785.069	47
785.084	121
785.099	107
785.115	52
785.130	42
785.145	97
785.161	133
785.176	54
785.191	42
785.206	80
785.222	125
785.237	72
785.252	46
785.268	72
785.283	71
785.298	69
785.313	66
785.329	113
785.344	66
785.359	62
785.375	57
785.390	100
785.405	68
785.420	98
785.436	86
785.451	77
785.466	69
785.481	82
785.497	91
785.512	56
785.527	61
785.543	71
785.558	57
785.573	74
785.588	90
785.604	77
785.619	50
785.634	44
785.649	126
785.665	93
785.680	63
785.695	42
785.710	56
785.726	107
785.741	122
785.756	145
785.771	74
785.787	73
785.802	78
785.817	76
785.832	66
785.848	65
785.863	146
785.878	111
785.893	139
785.909	93
785.924	122
785.939	57
785.954	75
785.970	91
785.985	85
786.000	117
786.015	87
786.030	67
786.046	71
786.061	82
786.076	99
786.091	68
786.107	79
786.122	73
786.137	60
786.152	84
786.168	54
786.183	63
786.198	44
786.213	83
786.228	55
786.244	72
786.259	91
786.274	73
786.289	77
786.304	69
786.320	56
786.335	50
786.350	47
786.365	64
786.381	60
786.396	91
786.411	88
786.426	63
786.441	130
786.457	67
786.472	72
786.487	109
786.502	50
786.517	55
786.533	64
786.548	69
786.563	35
786.578	59
786.593	68
786.608	62
786.624	102
786.639	101
786.654	65
786.669	108
786.684	81
786.700	67
786.715	110
786.730	100
786.745	94
786.760	101
786.775	47
786.791	89
786.806	88
786.821	56
786.836	60
786.851	83
786.867	65
786.882	98
786.897	73
786.912	55
786.927	67
786.942	55
786.958	65
786.973	80
786.988	41
787.003	68
787.018	65
787.033	44
787.049	59
787.064	51
787.079	70
787.094	67
787.109	48
787.124	50
787.139	50
787.155	63
787.170	69
787.185	44
787.200	49
787.215	45
787.230	30
787.245	49
787.261	37
787.276	49
787.291	62
787.306	57
787.321	92
787.336	72
787.351	59
787.367	61
787.382	48
787.397	30
787.412	46
787.427	35
787.442	42
787.457	66
787.472	52
787.488	39
787.503	40
787.518	33
787.533	25
787.548	24
787.563	38
787.578	56
787.593	86
787.609	88
787.624	82
787.639	54
787.654	48
787.669	50
787.684	59
787.699	86
787.714	127
787.730	164
787.745	203
787.760	249
787.775	232
787.790	223
787.805	164
787.820	142
787.835	116
787.850	114
787.865	110
