771.850	20
771.866	16
771.883	12
771.899	26
771.915	25
771.931	19
771.947	19
771.964	24
771.980	26
771.996	13
772.012	21
772.028	16
772.045	17
772.061	13
772.077	14
772.093	25
772.109	23
772.126	22
772.142	26
772.158	18
772.174	12
772.190	20
772.206	21
772.223	18
772.239	17
772.255	20
772.271	26
772.287	26
772.304	20
772.320	10
772.336	18
772.352	21
772.368	24
772.384	18
772.401	24
772.417	19
772.433	24
772.449	18
772.465	13
772.482	15
772.498	20
772.514	19
772.530	20
772.546	26
772.562	29
772.579	21
772.595	16
772.611	22
772.627	13
772.643	12
772.659	20
772.675	17
772.692	8
772.708	20
772.724	24
772.740	17
772.756	12
772.772	19
772.789	15
772.805	24
772.821	22
772.837	25
772.853	19
772.869	21
772.885	17
772.902	12
772.918	17
772.934	24
772.950	29
772.966	16
772.982	31
772.998	24
773.015	18
773.031	20
773.047	22
773.063	25
773.079	19
773.095	26
773.111	14
773.127	28
773.144	22
773.160	26
773.176	14
773.192	21
773.208	22
773.224	24
773.240	20
773.256	22
773.272	18
773.289	21
773.305	19
773.321	24
773.337	28
773.353	11
773.369	22
773.385	21
773.401	27
773.417	25
773.434	22
773.450	21
773.466	26
773.482	28
773.498	25
773.514	24
773.530	32
773.546	35
773.562	25
773.579	31
773.595	27
773.611	21
773.627	24
773.643	22
773.659	19
773.675	24
773.691	17
773.707	17
773.723	27
773.739	20
773.755	23
773.772	21
773.788	18
773.804	13
773.820	18
773.836	18
773.852	36
773.868	16
773.884	22
773.900	40
773.916	29
773.932	27
773.948	36
773.964	29
773.981	32
773.997	28
774.013	26
774.029	8
774.045	21
774.061	25
774.077	21
774.093	25
774.109	24
774.125	21
774.141	17
774.157	16
774.173	21
774.189	19
774.205	18
774.221	21
774.237	17
774.254	12
774.270	20
774.286	14
774.302	17
774.318	27
774.334	23
774.350	20
774.366	23
774.382	24
774.398	18
774.414	12
774.430	19
774.446	25
774.462	20
774.478	35
774.494	28
774.510	23
774.526	22
774.542	18
774.558	24
774.574	14
774.590	15
774.606	13
774.622	17
774.638	14
774.654	10
774.670	22
774.686	14
774.702	16
774.719	18
774.735	18
774.751	15
774.767	12
774.783	18
774.799	20
774.815	22
774.831	21
774.847	26
774.863	25
774.879	15
774.895	26
774.911	19
774.927	21
774.943	23
774.959	20
774.975	37
774.991	26
775.007	24
775.023	19
775.039	29
775.055	18
775.071	20
775.087	20
775.103	23
775.119	26
775.135	20
775.151	18
775.167	16
775.183	28
775.199	27
775.215	29
775.231	20
775.247	21
775.262	19
775.278	23
775.294	19
775.310	22
775.326	16
775.342	19
775.358	21
775.374	13
775.390	11
775.406	22
775.422	23
775.438	28
775.454	33
775.470	20
775.486	18
775.502	33
775.518	17
775.534	21
775.550	23
775.566	22
775.582	20
775.598	19
775.614	18
775.630	26
775.646	30
775.662	23
775.678	16
775.694	25
775.710	15
775.725	23
775.741	14
775.757	19
775.773	23
775.789	27
775.805	20
775.821	13
775.837	20
775.853	13
775.869	12
775.885	19
775.901	22
775.917	17
775.933	32
775.949	22
775.965	28
775.981	15
775.996	18
776.012	17
776.028	19
776.044	17
776.060	13
776.076	14
776.092	20
776.108	24
776.124	17
776.140	23
776.156	28
776.172	18
776.188	14
776.203	16
776.219	25
776.235	34
776.251	19
776.267	15
776.283	17
776.299	20
776.315	25
776.331	25
776.347	23
776.363	16
776.378	26
776.394	26
776.410	23
776.426	11
776.442	22
776.458	16
776.474	25
776.490	18
776.506	20
776.522	29
776.537	21
776.553	20
776.569	21
776.585	27
776.601	29
776.617	17
776.633	19
776.649	11
776.665	22
776.680	7
776.696	11
776.712	22
776.728	20
776.744	19
776.760	28
776.776	21
776.792	17
776.808	20
776.823	27
776.839	17
776.855	21
776.871	21
776.887	20
776.903	27
776.919	24
776.934	24
776.950	23
776.966	35
776.982	15
776.998	16
777.014	17
777.030	26
777.046	13
777.061	13
777.077	22
777.093	6
777.109	27
777.125	20
777.141	24
777.157	26
777.172	20
777.188	24
777.204	18
777.220	24
777.236	28
777.252	22
777.267	20
777.283	14
777.299	20
777.315	35
777.331	47
777.347	34
777.362	20
777.378	33
777.394	36
777.410	31
777.426	22
777.442	25
777.457	20
777.473	9
777.489	21
777.505	21
777.521	22
777.537	18
777.552	30
777.568	19
777.584	18
777.600	24
777.616	21
777.632	20
777.647	17
777.663	22
777.679	18
777.695	19
777.711	23
777.726	33
777.742	25
777.758	39
777.774	38
777.790	26
777.806	22
777.821	17
777.837	21
777.853	30
777.869	31
777.885	30
777.900	33
777.916	15
777.932	25
777.948	26
777.964	31
777.979	21
777.995	23
778.011	21
778.027	17
778.042	18
778.058	17
778.074	19
778.090	19
778.106	17
778.121	30
778.137	25
778.153	25
778.169	18
778.185	13
778.200	15
778.216	16
778.232	23
778.248	24
778.263	21
778.279	18
778.295	9
778.311	15
778.327	26
778.342	15
778.358	21
778.374	25
778.390	24
778.405	22
778.421	22
778.437	23
778.453	23
778.468	17
778.484	11
778.500	13
778.516	17
778.531	19
778.547	16
778.563	21
778.579	16
778.594	28
778.610	23
778.626	24
778.642	19
778.658	21
778.673	13
778.689	14
778.705	14
778.720	13
778.736	29
778.752	15
778.768	15
778.783	19
778.799	24
778.815	34
778.831	26
778.846	16
778.862	21
778.878	21
778.894	25
778.909	19
778.925	24
778.941	22
778.957	25
778.972	18
778.988	22
779.004	15
779.019	17
779.035	12
779.051	28
779.067	29
779.082	21
779.098	23
779.114	21
779.129	22
779.145	31
779.161	23
779.177	14
779.192	19
779.208	26
779.224	27
779.239	21
779.255	18
779.271	24
779.287	22
779.302	14
779.318	20
779.334	16
779.349	14
779.365	17
779.381	10
779.396	14
779.412	23
779.428	8
779.444	15
779.459	16
779.475	15
779.491	16
779.506	20
779.522	18
779.538	17
779.553	20
779.569	13
779.585	23
779.600	23
779.616	20
779.632	18
779.647	19
779.663	26
779.679	23
779.695	21
779.710	21
779.726	10
779.742	28
779.757	26
779.773	23
779.789	24
779.804	23
779.820	28
779.836	28
779.851	9
779.867	12
779.883	18
779.898	14
779.914	17
779.930	16
779.945	19
779.961	17
779.977	14
779.992	17
780.008	15
780.023	7
780.039	19
780.055	18
780.070	19
780.086	8
780.102	13
780.117	11
780.133	8
780.149	15
780.164	21
780.180	8
780.196	12
780.211	8
780.227	23
780.243	23
780.258	18
780.274	20
780.289	21
780.305	25
780.321	20
780.336	15
780.352	15
780.368	13
780.383	14
780.399	20
780.414	22
780.430	15
780.446	22
780.461	26
780.477	18
780.493	14
780.508	14
780.524	10
780.539	23
780.555	8
780.571	20
780.586	21
780.602	29
780.618	34
780.633	5
780.649	20
780.664	17
780.680	11
780.696	12
780.711	19
780.727	26
780.742	16
780.758	28
780.774	22
780.789	30
780.805	16
780.820	14
780.836	15
780.852	14
780.867	18
780.883	29
780.898	26
780.914	15
780.930	20
780.945	17
780.961	23
780.976	22
780.992	17
781.008	29
781.023	12
781.039	21
781.054	18
781.070	26
781.085	21
781.101	12
781.117	20
781.132	24
781.148	11
781.163	20
781.179	17
781.194	27
781.210	22
781.226	14
781.241	17
781.257	16
781.272	16
781.288	18
781.303	20
781.319	16
781.335	20
781.350	29
781.366	30
781.381	23
781.397	22
781.412	24
781.428	21
781.443	19
781.459	15
781.475	25
781.490	22
781.506	24
781.521	18
781.537	16
781.552	27
781.568	15
781.583	21
781.599	15
781.614	16
781.630	18
781.646	25
781.661	29
781.677	23
781.692	20
781.708	8
781.723	27
781.739	24
781.754	20
781.770	17
781.785	16
781.801	23
781.816	16
781.832	24
781.848	21
781.863	25
781.879	28
781.894	26
781.910	19
781.925	28
781.941	26
781.956	19
781.972	25
781.987	22
782.003	23
782.018	28
782.034	27
782.049	20
782.065	30
782.080	34
782.096	26
782.111	42
782.127	36
782.142	43
782.158	38
782.173	35
782.189	26
782.204	30
782.220	28
782.235	19
782.251	28
782.266	30
782.282	29
782.297	25
782.313	33
782.328	23
782.344	21
782.359	22
782.375	22
782.390	25
782.406	14
782.421	24
782.437	27
782.452	15
782.468	35
782.483	27
782.499	32
782.514	19
782.530	18
782.545	31
782.561	24
782.576	22
782.592	22
782.607	33
782.622	30
782.638	17
782.653	28
782.669	22
782.684	34
782.700	38
782.715	27
782.731	39
782.746	23
782.762	27
782.777	31
782.793	49
782.808	28
782.824	34
782.839	25
782.854	24
782.870	25
782.885	31
782.901	30
782.916	26
782.932	19
782.947	21
782.963	30
782.978	23
782.993	25
783.009	27
783.024	35
783.040	51
783.055	70
783.071	76
783.086	84
783.102	94
783.117	86
783.132	107
783.148	97
783.163	118
783.179	100
783.194	92
783.210	85
783.225	63
783.240	60
783.256	55
783.271	40
783.287	33
783.302	35
783.318	42
783.333	40
783.348	40
783.364	48
783.379	39
783.395	37
783.410	31
783.426	43
783.441	29
783.456	19
783.472	20
783.487	24
783.503	33
783.518	23
783.533	29
783.549	58
783.564	59
783.580	75
783.595	84
783.610	81
783.626	63
783.641	40
783.657	45
783.672	36
783.687	28
783.703	39
783.718	50
783.734	77
783.749	75
783.764	82
783.780	62
783.795	78
783.811	46
783.826	60
783.841	62
783.857	69
783.872	107
783.888	114
783.903	106
783.918	107
783.934	62
783.949	38
783.964	41
783.980	68
783.995	91
784.011	91
784.026	89
784.041	60
784.057	45
784.072	28
784.087	23
784.103	54
784.118	78
784.134	76
784.149	52
784.164	35
784.180	28
784.195	41
784.210	74
784.226	96
784.241	80
784.256	57
784.272	42
784.287	36
784.302	47
784.318	57
784.333	75
784.349	78
784.364	38
784.379	24
784.395	37
784.410	63
784.425	48
784.441	29
784.456	25
784.471	46
784.487	68
784.502	74
784.517	44
784.533	42
784.548	70
784.563	72
784.579	69
784.594	60
784.609	77
784.625	66
784.640	51
784.655	57
784.671	66
784.686	86
784.701	78
784.717	50
784.732	53
784.747	84
784.763	76
784.778	51
784.793	53
784.809	71
784.824	88
784.839	91
784.854	52
784.870	43
784.885	75
784.900	97
784.916	82
784.931	35
784.946	31
784.962	87
784.977	56
784.992	43
785.008	38
785.023	60
785.038	60
785.053	33
785.069	25
785.084	77
785.099	70
785.115	35
785.130	27
785.145	58
785.161	106
785.176	31
785.191	24
785.206	53
785.222	72
785.237	56
785.252	28
785.268	51
785.283	47
785.298	42
785.313	47
785.329	64
785.344	48
785.359	39
785.375	36
785.390	63
785.405	47
785.420	60
785.436	51
785.451	46
785.466	48
785.481	46
785.497	66
785.512	36
785.527	35
785.543	42
785.558	39
785.573	45
785.588	52
785.604	46
785.619	31
785.634	38
785.649	78
785.665	61
785.680	39
785.695	34
785.710	47
785.726	69
785.741	80
785.756	108
785.771	43
785.787	48
785.802	44
785.817	61
785.832	38
785.848	45
785.863	100
785.878	73
785.893	99
785.909	58
785.924	79
785.939	43
785.954	51
785.970	60
785.985	63
786.000	79
786.015	53
786.030	46
786.046	38
786.061	49
786.076	73
786.091	40
786.107	61
786.122	50
786.137	23
786.152	56
786.168	38
786.183	43
786.198	25
786.213	57
786.228	30
786.244	45
786.259	63
786.274	53
786.289	48
786.304	45
786.320	34
786.335	43
786.350	37
786.365	52
786.381	38
786.396	59
786.411	49
786.426	46
786.441	77
786.457	38
786.472	44
786.487	65
786.502	28
786.517	37
786.533	39
786.548	46
786.563	22
786.578	31
786.593	46
786.608	37
786.624	67
786.639	62
786.654	43
786.669	64
786.684	46
786.700	49
786.715	74
786.730	61
786.745	55
786.760	69
786.775	36
786.791	58
786.806	55
786.821	35
786.836	22
786.851	47
786.867	42
786.882	58
786.897	46
786.912	37
786.927	41
786.942	33
786.958	48
786.973	53
786.988	25
787.003	48
787.018	46
787.033	31
787.049	43
787.064	37
787.079	52
787.094	49
787.109	31
787.124	40
787.139	22
787.155	43
787.170	37
787.185	36
787.200	34
787.215	28
787.230	18
787.245	30
787.261	26
787.276	21
787.291	36
787.306	36
787.321	53
787.336	46
787.351	41
787.367	42
787.382	30
787.397	21
787.412	29
787.427	20
787.442	27
787.457	33
787.472	37
787.488	30
787.503	25
787.518	24
787.533	19
787.548	23
787.563	26
787.578	42
787.593	53
787.609	60
787.624	50
787.639	32
787.654	34
787.669	23
787.684	31
787.699	59
787.714	89
787.730	112
787.745	135
787.760	167
787.775	151
787.790	156
787.805	110
787.820	94
787.835	68
787.850	82
787.865	72
