771.850	16
771.866	21
771.883	17
771.899	24
771.915	26
771.931	14
771.947	14
771.964	23
771.980	24
771.996	17
772.012	12
772.028	16
772.045	19
772.061	16
772.077	18
772.093	18
772.109	11
772.126	14
772.142	17
772.158	28
772.174	14
772.190	17
772.206	16
772.223	15
772.239	14
772.255	19
772.271	24
772.287	26
772.304	27
772.320	11
772.336	15
772.352	22
772.368	17
772.384	9
772.401	21
772.417	13
772.433	17
772.449	21
772.465	15
772.482	13
772.498	11
772.514	18
772.530	14
772.546	25
772.562	22
772.579	20
772.595	15
772.611	12
772.627	14
772.643	21
772.659	15
772.675	18
772.692	13
772.708	8
772.724	18
772.740	15
772.756	17
772.772	26
772.789	16
772.805	8
772.821	15
772.837	21
772.853	16
772.869	15
772.885	16
772.902	11
772.918	16
772.934	25
772.950	18
772.966	20
772.982	23
772.998	9
773.015	18
773.031	24
773.047	27
773.063	29
773.079	24
773.095	19
773.111	11
773.127	21
773.144	23
773.160	16
773.176	12
773.192	12
773.208	16
773.224	18
773.240	15
773.256	25
773.272	17
773.289	20
773.305	19
773.321	18
773.337	22
773.353	4
773.369	18
773.385	11
773.401	20
773.417	19
773.434	24
773.450	23
773.466	19
773.482	29
773.498	29
773.514	26
773.530	17
773.546	34
773.562	26
773.579	25
773.595	21
773.611	17
773.627	23
773.643	16
773.659	10
773.675	23
773.691	20
773.707	18
773.723	16
773.739	29
773.755	21
773.772	11
773.788	15
773.804	12
773.820	12
773.836	15
773.852	22
773.868	13
773.884	20
773.900	37
773.916	29
773.932	23
773.948	31
773.964	21
773.981	20
773.997	17
774.013	25
774.029	11
774.045	13
774.061	18
774.077	18
774.093	20
774.109	18
774.125	20
774.141	12
774.157	8
774.173	18
774.189	9
774.205	15
774.221	9
774.237	14
774.254	13
774.270	19
774.286	19
774.302	20
774.318	26
774.334	23
774.350	21
774.366	22
774.382	18
774.398	16
774.414	10
774.430	21
774.446	22
774.462	18
774.478	22
774.494	18
774.510	23
774.526	26
774.542	16
774.558	20
774.574	13
774.590	10
774.606	14
774.622	15
774.638	17
774.654	15
774.670	16
774.686	14
774.702	15
774.719	17
774.735	9
774.751	21
774.767	18
774.783	18
774.799	17
774.815	14
774.831	23
774.847	20
774.863	16
774.879	13
774.895	25
774.911	10
774.927	24
774.943	20
774.959	20
774.975	18
774.991	15
775.007	20
775.023	18
775.039	13
775.055	20
775.071	18
775.087	17
775.103	21
775.119	26
775.135	23
775.151	24
775.167	19
775.183	24
775.199	23
775.215	11
775.231	16
775.247	21
775.262	18
775.278	18
775.294	14
775.310	9
775.326	15
775.342	18
775.358	15
775.374	11
775.390	11
775.406	22
775.422	13
775.438	25
775.454	24
775.470	20
775.486	22
775.502	32
775.518	19
775.534	26
775.550	27
775.566	12
775.582	20
775.598	13
775.614	15
775.630	10
775.646	23
775.662	23
775.678	16
775.694	19
775.710	13
775.725	17
775.741	17
775.757	16
775.773	17
775.789	24
775.805	27
775.821	15
775.837	7
775.853	5
775.869	16
775.885	15
775.901	20
775.917	21
775.933	24
775.949	13
775.965	21
775.981	9
775.996	12
776.012	18
776.028	19
776.044	15
776.060	11
776.076	14
776.092	19
776.108	19
776.124	24
776.140	20
776.156	22
776.172	18
776.188	11
776.203	14
776.219	19
776.235	26
776.251	13
776.267	9
776.283	14
776.299	20
776.315	27
776.331	25
776.347	18
776.363	25
776.378	24
776.394	18
776.410	17
776.426	9
776.442	18
776.458	12
776.474	21
776.490	13
776.506	16
776.522	21
776.537	14
776.553	17
776.569	10
776.585	16
776.601	19
776.617	16
776.633	19
776.649	15
776.665	21
776.680	18
776.696	15
776.712	23
776.728	13
776.744	21
776.760	29
776.776	12
776.792	12
776.808	16
776.823	19
776.839	14
776.855	22
776.871	15
776.887	19
776.903	21
776.919	22
776.934	25
776.950	23
776.966	28
776.982	14
776.998	11
777.014	17
777.030	19
777.046	21
777.061	13
777.077	17
777.093	16
777.109	23
777.125	16
777.141	20
777.157	11
777.172	24
777.188	19
777.204	11
777.220	22
777.236	15
777.252	20
777.267	15
777.283	12
777.299	16
777.315	32
777.331	40
777.347	22
777.362	26
777.378	32
777.394	32
777.410	28
777.426	19
777.442	22
777.457	16
777.473	15
777.489	21
777.505	18
777.521	13
777.537	13
777.552	26
777.568	16
777.584	25
777.600	20
777.616	18
777.632	17
777.647	16
777.663	18
777.679	19
777.695	13
777.711	26
777.726	24
777.742	26
777.758	40
777.774	35
777.790	29
777.806	30
777.821	18
777.837	13
777.853	18
777.869	23
777.885	36
777.900	19
777.916	17
777.932	23
777.948	22
777.964	23
777.979	22
777.995	22
778.011	12
778.027	17
778.042	20
778.058	4
778.074	15
778.090	16
778.106	15
778.121	24
778.137	18
778.153	16
778.169	14
778.185	16
778.200	8
778.216	15
778.232	16
778.248	15
778.263	20
778.279	21
778.295	6
778.311	20
778.327	18
778.342	18
778.358	18
778.374	20
778.390	22
778.405	19
778.421	23
778.437	16
778.453	17
778.468	16
778.484	9
778.500	10
778.516	16
778.531	6
778.547	13
778.563	18
778.579	19
778.594	21
778.610	15
778.626	20
778.642	10
778.658	13
778.673	7
778.689	14
778.705	14
778.720	9
778.736	20
778.752	16
778.768	12
778.783	15
778.799	22
778.815	11
778.831	18
778.846	13
778.862	26
778.878	19
778.894	19
778.909	15
778.925	21
778.941	25
778.957	18
778.972	13
778.988	14
779.004	17
779.019	17
779.035	10
779.051	27
779.067	21
779.082	25
779.098	15
779.114	18
779.129	9
779.145	29
779.161	21
779.177	21
779.192	17
779.208	28
779.224	19
779.239	16
779.255	13
779.271	20
779.287	15
779.302	15
779.318	13
779.334	19
779.349	14
779.365	14
779.381	8
779.396	18
779.412	13
779.428	15
779.444	5
779.459	22
779.475	12
779.491	11
779.506	8
779.522	17
779.538	16
779.553	24
779.569	21
779.585	16
779.600	25
779.616	13
779.632	17
779.647	14
779.663	17
779.679	19
779.695	23
779.710	20
779.726	13
779.742	16
779.757	17
779.773	25
779.789	26
779.804	26
779.820	24
779.836	33
779.851	15
779.867	12
779.883	15
779.898	12
779.914	15
779.930	20
779.945	12
779.961	10
779.977	14
779.992	18
780.008	17
780.023	3
780.039	16
780.055	21
780.070	6
780.086	10
780.102	16
780.117	6
780.133	11
780.149	16
780.164	16
780.180	8
780.196	15
780.211	9
780.227	16
780.243	17
780.258	12
780.274	14
780.289	25
780.305	20
780.321	21
780.336	14
780.352	16
780.368	8
780.383	9
780.399	14
780.414	12
780.430	14
780.446	22
780.461	14
780.477	15
780.493	19
780.508	12
780.524	12
780.539	15
780.555	7
780.571	17
780.586	14
780.602	19
780.618	29
780.633	12
780.649	19
780.664	12
780.680	11
780.696	18
780.711	18
780.727	17
780.742	17
780.758	22
780.774	14
780.789	21
780.805	9
780.820	14
780.836	10
780.852	14
780.867	12
780.883	26
780.898	19
780.914	15
780.930	22
780.945	17
780.961	15
780.976	16
780.992	20
781.008	20
781.023	15
781.039	16
781.054	14
781.070	12
781.085	23
781.101	10
781.117	19
781.132	20
781.148	13
781.163	24
781.179	14
781.194	21
781.210	13
781.226	16
781.241	7
781.257	14
781.272	14
781.288	10
781.303	26
781.319	18
781.335	17
781.350	23
781.366	28
781.381	15
781.397	24
781.412	16
781.428	20
781.443	14
781.459	15
781.475	21
781.490	16
781.506	9
781.521	19
781.537	16
781.552	21
781.568	19
781.583	19
781.599	14
781.614	14
781.630	19
781.646	14
781.661	19
781.677	16
781.692	17
781.708	18
781.723	24
781.739	20
781.754	17
781.770	19
781.785	16
781.801	26
781.816	12
781.832	28
781.848	13
781.863	17
781.879	19
781.894	18
781.910	20
781.925	22
781.941	21
781.956	11
781.972	21
781.987	18
782.003	22
782.018	12
782.034	13
782.049	21
782.065	32
782.080	24
782.096	34
782.111	31
782.127	27
782.142	29
782.158	31
782.173	34
782.189	21
782.204	27
782.220	18
782.235	26
782.251	30
782.266	26
782.282	25
782.297	26
782.313	29
782.328	17
782.344	23
782.359	13
782.375	18
782.390	16
782.406	18
782.421	23
782.437	28
782.452	17
782.468	28
782.483	25
782.499	28
782.514	13
782.530	15
782.545	14
782.561	21
782.576	18
782.592	21
782.607	16
782.622	20
782.638	14
782.653	19
782.669	22
782.684	34
782.700	35
782.715	30
782.731	33
782.746	21
782.762	19
782.777	30
782.793	42
782.808	24
782.824	23
782.839	13
782.854	26
782.870	26
782.885	32
782.901	21
782.916	16
782.932	23
782.947	15
782.963	22
782.978	18
782.993	24
783.009	16
783.024	26
783.040	52
783.055	53
783.071	59
783.086	68
783.102	76
783.117	79
783.132	87
783.148	86
783.163	103
783.179	95
783.194	87
783.210	76
783.225	46
783.240	42
783.256	42
783.271	36
783.287	33
783.302	31
783.318	29
783.333	29
783.348	30
783.364	43
783.379	33
783.395	31
783.410	34
783.426	36
783.441	14
783.456	19
783.472	22
783.487	21
783.503	22
783.518	29
783.533	21
783.549	47
783.564	52
783.580	67
783.595	63
783.610	69
783.626	57
783.641	37
783.657	36
783.672	31
783.687	24
783.703	30
783.718	50
783.734	54
783.749	67
783.764	79
783.780	48
783.795	53
783.811	40
783.826	42
783.841	55
783.857	53
783.872	84
783.888	95
783.903	95
783.918	93
783.934	55
783.949	33
783.964	38
783.980	62
783.995	75
784.011	84
784.026	74
784.041	47
784.057	30
784.072	29
784.087	22
784.103	48
784.118	69
784.134	65
784.149	48
784.164	31
784.180	19
784.195	34
784.210	58
784.226	57
784.241	59
784.256	52
784.272	43
784.287	37
784.302	50
784.318	47
784.333	70
784.349	65
784.364	26
784.379	18
784.395	34
784.410	43
784.425	39
784.441	24
784.456	24
784.471	45
784.487	56
784.502	56
784.517	40
784.533	35
784.548	53
784.563	52
784.579	51
784.594	49
784.609	60
784.625	51
784.640	42
784.655	47
784.671	69
784.686	76
784.701	58
784.717	44
784.732	46
784.747	71
784.763	81
784.778	56
784.793	50
784.809	54
784.824	59
784.839	73
784.854	43
784.870	33
784.885	59
784.900	87
784.916	69
784.931	30
784.946	28
784.962	78
784.977	59
784.992	36
785.008	22
785.023	53
785.038	59
785.053	27
785.069	22
785.084	72
785.099	62
785.115	25
785.130	26
785.145	61
785.161	79
785.176	21
785.191	23
785.206	42
785.222	59
785.237	44
785.252	25
785.268	48
785.283	42
785.298	42
785.313	42
785.329	59
785.344	41
785.359	32
785.375	33
785.390	42
785.405	30
785.420	56
785.436	44
785.451	34
785.466	31
785.481	44
785.497	46
785.512	30
785.527	40
785.543	33
785.558	28
785.573	36
785.588	37
785.604	48
785.619	27
785.634	32
785.649	64
785.665	51
785.680	31
785.695	16
785.710	41
785.726	58
785.741	70
785.756	78
785.771	32
785.787	44
785.802	34
785.817	49
785.832	38
785.848	34
785.863	86
785.878	66
785.893	77
785.909	52
785.924	65
785.939	43
785.954	46
785.970	52
785.985	48
786.000	66
786.015	53
786.030	39
786.046	39
786.061	43
786.076	53
786.091	39
786.107	56
786.122	36
786.137	28
786.152	46
786.168	30
786.183	37
786.198	24
786.213	49
786.228	32
786.244	47
786.259	61
786.274	40
786.289	39
786.304	31
786.320	31
786.335	26
786.350	31
786.365	44
786.381	34
786.396	52
786.411	56
786.426	34
786.441	78
786.457	30
786.472	33
786.487	53
786.502	30
786.517	33
786.533	35
786.548	40
786.563	31
786.578	31
786.593	41
786.608	37
786.624	61
786.639	61
786.654	38
786.669	69
786.684	38
786.700	34
786.715	60
786.730	55
786.745	51
786.760	51
786.775	32
786.791	47
786.806	50
786.821	28
786.836	32
786.851	39
786.867	31
786.882	40
786.897	35
786.912	35
786.927	42
786.942	24
786.958	38
786.973	41
786.988	21
787.003	40
787.018	39
787.033	15
787.049	38
787.064	19
787.079	41
787.094	42
787.109	22
787.124	32
787.139	24
787.155	43
787.170	31
787.185	32
787.200	38
787.215	17
787.230	15
787.245	17
787.261	19
787.276	28
787.291	31
787.306	40
787.321	40
787.336	40
787.351	36
787.367	42
787.382	23
787.397	6
787.412	31
787.427	25
787.442	27
787.457	33
787.472	36
787.488	23
787.503	17
787.518	13
787.533	17
787.548	23
787.563	22
787.578	34
787.593	54
787.609	38
787.624	52
787.639	23
787.654	29
787.669	30
787.684	36
787.699	49
787.714	79
787.730	83
787.745	111
787.760	119
787.775	129
787.790	126
787.805	101
787.820	78
787.835	71
787.850	63
787.865	52
