771.850	0
771.866	14
771.883	7
771.899	11
771.915	12
771.931	10
771.947	12
771.964	15
771.980	9
771.996	10
772.012	11
772.028	4
772.045	7
772.061	10
772.077	4
772.093	17
772.109	6
772.126	8
772.142	8
772.158	12
772.174	4
772.190	12
772.206	15
772.223	11
772.239	3
772.255	5
772.271	6
772.287	11
772.304	12
772.320	-1
772.336	10
772.352	13
772.368	7
772.384	5
772.401	7
772.417	5
772.433	11
772.449	13
772.465	8
772.482	6
772.498	7
772.514	3
772.530	11
772.546	13
772.562	18
772.579	15
772.595	11
772.611	10
772.627	14
772.643	6
772.659	3
772.675	13
772.692	-5
772.708	6
772.724	12
772.740	14
772.756	4
772.772	10
772.789	10
772.805	9
772.821	9
772.837	6
772.853	3
772.869	8
772.885	9
772.902	5
772.918	8
772.934	14
772.950	9
772.966	11
772.982	14
772.998	8
773.015	6
773.031	3
773.047	15
773.063	15
773.079	2
773.095	10
773.111	-1
773.127	19
773.144	11
773.160	12
773.176	6
773.192	9
773.208	6
773.224	16
773.240	3
773.256	13
773.272	11
773.289	12
773.305	8
773.321	12
773.337	16
773.353	1
773.369	7
773.385	6
773.401	9
773.417	11
773.434	7
773.450	7
773.466	9
773.482	11
773.498	10
773.514	9
773.530	8
773.546	17
773.562	11
773.579	6
773.595	7
773.611	4
773.627	15
773.643	10
773.659	9
773.675	8
773.691	10
773.707	10
773.723	-3
773.739	12
773.755	9
773.772	9
773.788	13
773.804	2
773.820	10
773.836	3
773.852	12
773.868	5
773.884	5
773.900	14
773.916	13
773.932	8
773.948	14
773.964	12
773.981	8
773.997	9
774.013	16
774.029	4
774.045	9
774.061	15
774.077	17
774.093	12
774.109	9
774.125	5
774.141	5
774.157	-7
774.173	9
774.189	6
774.205	2
774.221	2
774.237	10
774.254	4
774.270	8
774.286	9
774.302	8
774.318	16
774.334	5
774.350	15
774.366	16
774.382	9
774.398	8
774.414	3
774.430	7
774.446	11
774.462	3
774.478	16
774.494	8
774.510	13
774.526	5
774.542	5
774.558	10
774.574	5
774.590	2
774.606	5
774.622	14
774.638	9
774.654	3
774.670	12
774.686	2
774.702	9
774.719	4
774.735	4
774.751	10
774.767	4
774.783	8
774.799	8
774.815	9
774.831	11
774.847	10
774.863	5
774.879	4
774.895	11
774.911	10
774.927	9
774.943	11
774.959	7
774.975	11
774.991	7
775.007	15
775.023	5
775.039	10
775.055	8
775.071	2
775.087	6
775.103	11
775.119	10
775.135	6
775.151	8
775.167	5
775.183	19
775.199	10
775.215	6
775.231	6
775.247	9
775.262	9
775.278	9
775.294	9
775.310	4
775.326	7
775.342	6
775.358	13
775.374	8
775.390	10
775.406	8
775.422	13
775.438	16
775.454	9
775.470	8
775.486	7
775.502	20
775.518	4
775.534	12
775.550	17
775.566	3
775.582	6
775.598	8
775.614	4
775.630	9
775.646	8
775.662	8
775.678	2
775.694	8
775.710	6
775.725	4
775.741	8
775.757	9
775.773	5
775.789	16
775.805	12
775.821	8
775.837	12
775.853	-2
775.869	8
775.885	9
775.901	12
775.917	6
775.933	10
775.949	8
775.965	14
775.981	7
775.996	1
776.012	4
776.028	10
776.044	6
776.060	9
776.076	9
776.092	11
776.108	3
776.124	3
776.140	7
776.156	8
776.172	4
776.188	2
776.203	7
776.219	7
776.235	15
776.251	13
776.267	2
776.283	1
776.299	15
776.315	15
776.331	12
776.347	8
776.363	8
776.378	15
776.394	15
776.410	11
776.426	3
776.442	10
776.458	8
776.474	14
776.490	4
776.506	6
776.522	9
776.537	4
776.553	8
776.569	5
776.585	7
776.601	15
776.617	1
776.633	9
776.649	9
776.665	14
776.680	-2
776.696	-2
776.712	17
776.728	7
776.744	11
776.760	12
776.776	5
776.792	5
776.808	7
776.823	13
776.839	5
776.855	9
776.871	5
776.887	8
776.903	10
776.919	14
776.934	15
776.950	5
776.966	10
776.982	-2
776.998	2
777.014	4
777.030	16
777.046	7
777.061	5
777.077	9
777.093	9
777.109	7
777.125	7
777.141	12
777.157	11
777.172	10
777.188	16
777.204	7
777.220	13
777.236	7
777.252	5
777.267	6
777.283	5
777.299	7
777.315	13
777.331	20
777.347	14
777.362	10
777.378	22
777.394	12
777.410	18
777.426	11
777.442	5
777.457	9
777.473	7
777.489	8
777.505	12
777.521	6
777.537	2
777.552	15
777.568	6
777.584	6
777.600	10
777.616	5
777.632	10
777.647	1
777.663	4
777.679	4
777.695	0
777.711	7
777.726	11
777.742	6
777.758	14
777.774	23
777.790	17
777.806	11
777.821	9
777.837	4
777.853	14
777.869	12
777.885	14
777.900	13
777.916	6
777.932	13
777.948	8
777.964	9
777.979	15
777.995	14
778.011	7
778.027	15
778.042	8
778.058	3
778.074	10
778.090	9
778.106	4
778.121	8
778.137	11
778.153	6
778.169	12
778.185	4
778.200	0
778.216	5
778.232	5
778.248	10
778.263	8
778.279	9
778.295	-1
778.311	9
778.327	8
778.342	-2
778.358	12
778.374	5
778.390	7
778.405	4
778.421	10
778.437	6
778.453	7
778.468	9
778.484	2
778.500	7
778.516	4
778.531	0
778.547	10
778.563	9
778.579	5
778.594	11
778.610	13
778.626	9
778.642	4
778.658	6
778.673	8
778.689	7
778.705	7
778.720	4
778.736	11
778.752	11
778.768	2
778.783	6
778.799	16
778.815	4
778.831	10
778.846	7
778.862	16
778.878	6
778.894	8
778.909	8
778.925	11
778.941	13
778.957	11
778.972	7
778.988	13
779.004	2
779.019	9
779.035	4
779.051	12
779.067	13
779.082	7
779.098	6
779.114	9
779.129	2
779.145	12
779.161	17
779.177	6
779.192	5
779.208	12
779.224	9
779.239	14
779.255	6
779.271	10
779.287	9
779.302	8
779.318	9
779.334	7
779.349	-2
779.365	12
779.381	-1
779.396	6
779.412	3
779.428	5
779.444	-1
779.459	11
779.475	4
779.491	2
779.506	6
779.522	14
779.538	2
779.553	14
779.569	7
779.585	11
779.600	7
779.616	3
779.632	5
779.647	8
779.663	9
779.679	16
779.695	11
779.710	2
779.726	-1
779.742	20
779.757	9
779.773	16
779.789	12
779.804	10
779.820	15
779.836	16
779.851	5
779.867	2
779.883	-2
779.898	3
779.914	1
779.930	4
779.945	8
779.961	4
779.977	2
779.992	12
780.008	8
780.023	0
780.039	5
780.055	6
780.070	-1
780.086	-3
780.102	0
780.117	2
780.133	-3
780.149	4
780.164	18
780.180	5
780.196	8
780.211	5
780.227	8
780.243	8
780.258	6
780.274	5
780.289	13
780.305	8
780.321	10
780.336	-3
780.352	2
780.368	8
780.383	3
780.399	6
780.414	11
780.430	3
780.446	7
780.461	5
780.477	3
780.493	4
780.508	6
780.524	2
780.539	6
780.555	-1
780.571	11
780.586	12
780.602	9
780.618	18
780.633	6
780.649	7
780.664	5
780.680	5
780.696	5
780.711	-2
780.727	15
780.742	8
780.758	13
780.774	5
780.789	8
780.805	7
780.820	5
780.836	1
780.852	9
780.867	7
780.883	10
780.898	10
780.914	10
780.930	10
780.945	11
780.961	10
780.976	9
780.992	12
781.008	9
781.023	7
781.039	12
781.054	8
781.070	10
781.085	9
781.101	6
781.117	16
781.132	9
781.148	1
781.163	14
781.179	10
781.194	10
781.210	8
781.226	3
781.241	-2
781.257	13
781.272	6
781.288	10
781.303	14
781.319	7
781.335	8
781.350	17
781.366	19
781.381	9
781.397	15
781.412	7
781.428	15
781.443	11
781.459	6
781.475	8
781.490	6
781.506	9
781.521	7
781.537	4
781.552	9
781.568	6
781.583	9
781.599	9
781.614	5
781.630	6
781.646	10
781.661	13
781.677	8
781.692	4
781.708	4
781.723	15
781.739	10
781.754	6
781.770	7
781.785	5
781.801	12
781.816	7
781.832	14
781.848	5
781.863	14
781.879	13
781.894	9
781.910	7
781.925	12
781.941	9
781.956	7
781.972	11
781.987	4
782.003	11
782.018	9
782.034	10
782.049	8
782.065	17
782.080	13
782.096	17
782.111	21
782.127	12
782.142	13
782.158	18
782.173	16
782.189	10
782.204	15
782.220	9
782.235	11
782.251	20
782.266	8
782.282	8
782.297	9
782.313	14
782.328	8
782.344	13
782.359	4
782.375	4
782.390	5
782.406	6
782.421	9
782.437	13
782.452	11
782.468	15
782.483	14
782.499	10
782.514	11
782.530	4
782.545	5
782.561	10
782.576	11
782.592	12
782.607	3
782.622	10
782.638	7
782.653	10
782.669	10
782.684	18
782.700	14
782.715	13
782.731	20
782.746	14
782.762	8
782.777	8
782.793	20
782.808	11
782.824	18
782.839	11
782.854	11
782.870	12
782.885	13
782.901	7
782.916	15
782.932	7
782.947	2
782.963	9
782.978	8
782.993	10
783.009	3
783.024	19
783.040	20
783.055	36
783.071	39
783.086	33
783.102	40
783.117	36
783.132	48
783.148	38
783.163	50
783.179	55
783.194	36
783.210	39
783.225	29
783.240	25
783.256	25
783.271	13
783.287	15
783.302	12
783.318	20
783.333	17
783.348	13
783.364	22
783.379	15
783.395	19
783.410	9
783.426	19
783.441	18
783.456	6
783.472	5
783.487	10
783.503	18
783.518	11
783.533	9
783.549	25
783.564	21
783.580	33
783.595	36
783.610	33
783.626	27
783.641	17
783.657	21
783.672	15
783.687	16
783.703	18
783.718	19
783.734	40
783.749	40
783.764	40
783.780	26
783.795	28
783.811	20
783.826	26
783.841	25
783.857	30
783.872	40
783.888	47
783.903	52
783.918	37
783.934	32
783.949	18
783.964	15
783.980	31
783.995	41
784.011	38
784.026	35
784.041	23
784.057	16
784.072	13
784.087	13
784.103	21
784.118	40
784.134	32
784.149	17
784.164	10
784.180	-3
784.195	12
784.210	35
784.226	34
784.241	35
784.256	17
784.272	24
784.287	15
784.302	13
784.318	25
784.333	37
784.349	27
784.364	11
784.379	13
784.395	16
784.410	25
784.425	20
784.441	9
784.456	7
784.471	18
784.487	24
784.502	36
784.517	18
784.533	11
784.548	26
784.563	28
784.579	25
784.594	25
784.609	29
784.625	18
784.640	15
784.655	26
784.671	41
784.686	30
784.701	40
784.717	17
784.732	22
784.747	38
784.763	35
784.778	24
784.793	24
784.809	27
784.824	24
784.839	41
784.854	29
784.870	16
784.885	24
784.900	37
784.916	32
784.931	17
784.946	18
784.962	34
784.977	29
784.992	12
785.008	12
785.023	31
785.038	27
785.053	17
785.069	8
785.084	41
785.099	27
785.115	18
785.130	10
785.145	25
785.161	46
785.176	17
785.191	12
785.206	29
785.222	33
785.237	27
785.252	5
785.268	28
785.283	15
785.298	20
785.313	17
785.329	31
785.344	17
785.359	10
785.375	17
785.390	20
785.405	13
785.420	29
785.436	25
785.451	18
785.466	14
785.481	27
785.497	27
785.512	14
785.527	15
785.543	17
785.558	11
785.573	19
785.588	20
785.604	23
785.619	16
785.634	10
785.649	36
785.665	24
785.680	18
785.695	11
785.710	10
785.726	36
785.741	32
785.756	36
785.771	15
785.787	21
785.802	20
785.817	31
785.832	13
785.848	20
785.863	39
785.878	30
785.893	39
785.909	27
785.924	41
785.939	19
785.954	22
785.970	32
785.985	27
786.000	25
786.015	19
786.030	16
786.046	25
786.061	19
786.076	19
786.091	17
786.107	32
786.122	20
786.137	11
786.152	31
786.168	12
786.183	19
786.198	8
786.213	20
786.228	12
786.244	17
786.259	22
786.274	31
786.289	21
786.304	15
786.320	10
786.335	15
786.350	17
786.365	17
786.381	19
786.396	25
786.411	26
786.426	14
786.441	37
786.457	15
786.472	20
786.487	25
786.502	22
786.517	16
786.533	21
786.548	18
786.563	5
786.578	16
786.593	10
786.608	19
786.624	29
786.639	25
786.654	16
786.669	28
786.684	14
786.700	20
786.715	41
786.730	29
786.745	28
786.760	26
786.775	10
786.791	24
786.806	26
786.821	15
786.836	11
786.851	19
786.867	19
786.882	22
786.897	17
786.912	17
786.927	16
786.942	16
786.958	25
786.973	21
786.988	17
787.003	17
787.018	14
787.033	9
787.049	13
787.064	9
787.079	15
787.094	24
787.109	16
787.124	18
787.139	11
787.155	21
787.170	19
787.185	16
787.200	22
787.215	8
787.230	-1
787.245	9
787.261	10
787.276	15
787.291	12
787.306	23
787.321	16
787.336	17
787.351	11
787.367	26
787.382	5
787.397	0
787.412	11
787.427	8
787.442	10
787.457	13
787.472	14
787.488	14
787.503	10
787.518	1
787.533	1
787.548	4
787.563	15
787.578	15
787.593	24
787.609	25
787.624	28
787.639	16
787.654	11
787.669	6
787.684	24
787.699	27
787.714	40
787.730	37
787.745	54
787.760	57
787.775	71
787.790	60
787.805	46
787.820	36
787.835	34
787.850	31
787.865	38
