771.850	11
771.866	19
771.883	13
771.899	15
771.915	14
771.931	8
771.947	16
771.964	16
771.980	13
771.996	11
772.012	11
772.028	8
772.045	8
772.061	5
772.077	4
772.093	10
772.109	14
772.126	12
772.142	7
772.158	8
772.174	7
772.190	6
772.206	15
772.223	6
772.239	18
772.255	11
772.271	11
772.287	19
772.304	21
772.320	3
772.336	12
772.352	22
772.368	16
772.384	11
772.401	13
772.417	10
772.433	18
772.449	10
772.465	9
772.482	18
772.498	4
772.514	5
772.530	19
772.546	19
772.562	20
772.579	20
772.595	5
772.611	6
772.627	12
772.643	8
772.659	9
772.675	13
772.692	5
772.708	5
772.724	12
772.740	10
772.756	10
772.772	15
772.789	22
772.805	17
772.821	10
772.837	11
772.853	12
772.869	11
772.885	9
772.902	3
772.918	6
772.934	25
772.950	17
772.966	16
772.982	16
772.998	12
773.015	5
773.031	11
773.047	14
773.063	14
773.079	14
773.095	18
773.111	8
773.127	19
773.144	11
773.160	16
773.176	12
773.192	9
773.208	6
773.224	15
773.240	8
773.256	18
773.272	10
773.289	17
773.305	13
773.321	16
773.337	14
773.353	1
773.369	18
773.385	15
773.401	20
773.417	6
773.434	10
773.450	7
773.466	15
773.482	22
773.498	20
773.514	16
773.530	10
773.546	18
773.562	23
773.579	16
773.595	11
773.611	12
773.627	16
773.643	13
773.659	5
773.675	14
773.691	15
773.707	8
773.723	5
773.739	11
773.755	23
773.772	14
773.788	10
773.804	10
773.820	11
773.836	10
773.852	21
773.868	8
773.884	10
773.900	19
773.916	20
773.932	7
773.948	25
773.964	22
773.981	12
773.997	14
774.013	18
774.029	4
774.045	12
774.061	16
774.077	22
774.093	18
774.109	14
774.125	19
774.141	14
774.157	2
774.173	11
774.189	9
774.205	11
774.221	6
774.237	14
774.254	11
774.270	7
774.286	7
774.302	10
774.318	17
774.334	16
774.350	16
774.366	12
774.382	15
774.398	7
774.414	7
774.430	14
774.446	12
774.462	9
774.478	16
774.494	16
774.510	17
774.526	11
774.542	12
774.558	17
774.574	10
774.590	8
774.606	13
774.622	17
774.638	12
774.654	11
774.670	12
774.686	5
774.702	10
774.719	16
774.735	12
774.751	7
774.767	12
774.783	12
774.799	15
774.815	15
774.831	14
774.847	22
774.863	15
774.879	8
774.895	10
774.911	12
774.927	15
774.943	21
774.959	8
774.975	13
774.991	13
775.007	18
775.023	7
775.039	8
775.055	7
775.071	13
775.087	4
775.103	14
775.119	14
775.135	13
775.151	9
775.167	13
775.183	15
775.199	25
775.215	19
775.231	7
775.247	18
775.262	18
775.278	14
775.294	9
775.310	3
775.326	10
775.342	12
775.358	11
775.374	7
775.390	10
775.406	12
775.422	15
775.438	13
775.454	20
775.470	8
775.486	7
775.502	23
775.518	9
775.534	13
775.550	14
775.566	13
775.582	14
775.598	7
775.614	4
775.630	13
775.646	18
775.662	12
775.678	14
775.694	16
775.710	0
775.725	12
775.741	14
775.757	3
775.773	12
775.789	21
775.805	21
775.821	2
775.837	14
775.853	2
775.869	16
775.885	13
775.901	10
775.917	14
775.933	14
775.949	8
775.965	19
775.981	8
775.996	8
776.012	11
776.028	13
776.044	8
776.060	11
776.076	11
776.092	11
776.108	2
776.124	15
776.140	17
776.156	14
776.172	6
776.188	6
776.203	12
776.219	9
776.235	20
776.251	16
776.267	9
776.283	9
776.299	13
776.315	20
776.331	21
776.347	21
776.363	10
776.378	11
776.394	11
776.410	16
776.426	0
776.442	14
776.458	8
776.474	16
776.490	9
776.506	13
776.522	15
776.537	10
776.553	15
776.569	12
776.585	17
776.601	11
776.617	10
776.633	9
776.649	14
776.665	16
776.680	9
776.696	8
776.712	18
776.728	13
776.744	15
776.760	25
776.776	11
776.792	9
776.808	11
776.823	11
776.839	10
776.855	18
776.871	6
776.887	17
776.903	17
776.919	16
776.934	14
776.950	16
776.966	19
776.982	9
776.998	8
777.014	7
777.030	21
777.046	12
777.061	8
777.077	18
777.093	14
777.109	13
777.125	13
777.141	18
777.157	12
777.172	19
777.188	21
777.204	8
777.220	18
777.236	16
777.252	15
777.267	21
777.283	13
777.299	15
777.315	22
777.331	37
777.347	25
777.362	12
777.378	24
777.394	16
777.410	13
777.426	11
777.442	14
777.457	11
777.473	13
777.489	9
777.505	10
777.521	10
777.537	6
777.552	12
777.568	9
777.584	10
777.600	22
777.616	15
777.632	8
777.647	8
777.663	8
777.679	10
777.695	12
777.711	15
777.726	17
777.742	16
777.758	22
777.774	27
777.790	23
777.806	21
777.821	8
777.837	11
777.853	18
777.869	20
777.885	26
777.900	17
777.916	6
777.932	12
777.948	20
777.964	16
777.979	15
777.995	14
778.011	17
778.027	4
778.042	11
778.058	4
778.074	11
778.090	12
778.106	8
778.121	10
778.137	17
778.153	7
778.169	13
778.185	7
778.200	10
778.216	5
778.232	8
778.248	17
778.263	19
778.279	8
778.295	3
778.311	10
778.327	10
778.342	6
778.358	15
778.374	9
778.390	11
778.405	13
778.421	18
778.437	15
778.453	15
778.468	12
778.484	2
778.500	3
778.516	3
778.531	3
778.547	11
778.563	17
778.579	13
778.594	19
778.610	18
778.626	8
778.642	11
778.658	12
778.673	3
778.689	19
778.705	19
778.720	10
778.736	16
778.752	7
778.768	13
778.783	13
778.799	25
778.815	20
778.831	12
778.846	10
778.862	17
778.878	12
778.894	13
778.909	11
778.925	17
778.941	11
778.957	18
778.972	9
778.988	12
779.004	6
779.019	14
779.035	8
779.051	19
779.067	16
779.082	23
779.098	8
779.114	11
779.129	7
779.145	16
779.161	13
779.177	17
779.192	13
779.208	16
779.224	16
779.239	13
779.255	18
779.271	14
779.287	18
779.302	4
779.318	11
779.334	15
779.349	11
779.365	10
779.381	6
779.396	9
779.412	13
779.428	8
779.444	5
779.459	21
779.475	14
779.491	11
779.506	9
779.522	12
779.538	7
779.553	17
779.569	6
779.585	11
779.600	22
779.616	8
779.632	10
779.647	11
779.663	18
779.679	17
779.695	17
779.710	11
779.726	7
779.742	13
779.757	8
779.773	25
779.789	14
779.804	16
779.820	20
779.836	25
779.851	12
779.867	4
779.883	11
779.898	14
779.914	11
779.930	7
779.945	8
779.961	10
779.977	7
779.992	13
780.008	18
780.023	1
780.039	10
780.055	7
780.070	0
780.086	3
780.102	10
780.117	6
780.133	3
780.149	19
780.164	19
780.180	8
780.196	6
780.211	3
780.227	15
780.243	13
780.258	13
780.274	11
780.289	17
780.305	19
780.321	14
780.336	1
780.352	6
780.368	6
780.383	2
780.399	10
780.414	8
780.430	7
780.446	19
780.461	13
780.477	6
780.493	8
780.508	11
780.524	9
780.539	7
780.555	4
780.571	11
780.586	12
780.602	17
780.618	24
780.633	10
780.649	18
780.664	6
780.680	10
780.696	12
780.711	8
780.727	12
780.742	15
780.758	22
780.774	13
780.789	14
780.805	6
780.820	14
780.836	10
780.852	7
780.867	12
780.883	18
780.898	19
780.914	2
780.930	13
780.945	15
780.961	14
780.976	16
780.992	9
781.008	15
781.023	8
781.039	14
781.054	15
781.070	14
781.085	16
781.101	4
781.117	16
781.132	11
781.148	4
781.163	12
781.179	12
781.194	16
781.210	13
781.226	7
781.241	12
781.257	9
781.272	8
781.288	14
781.303	17
781.319	18
781.335	6
781.350	18
781.366	25
781.381	15
781.397	15
781.412	14
781.428	10
781.443	14
781.459	9
781.475	14
781.490	15
781.506	10
781.521	14
781.537	12
781.552	16
781.568	12
781.583	15
781.599	12
781.614	12
781.630	12
781.646	16
781.661	13
781.677	16
781.692	18
781.708	7
781.723	24
781.739	14
781.754	11
781.770	7
781.785	14
781.801	9
781.816	11
781.832	26
781.848	15
781.863	16
781.879	17
781.894	13
781.910	7
781.925	16
781.941	15
781.956	10
781.972	12
781.987	9
782.003	17
782.018	8
782.034	17
782.049	11
782.065	16
782.080	18
782.096	23
782.111	29
782.127	20
782.142	37
782.158	18
782.173	28
782.189	19
782.204	18
782.220	20
782.235	15
782.251	22
782.266	20
782.282	17
782.297	16
782.313	18
782.328	11
782.344	16
782.359	11
782.375	10
782.390	15
782.406	12
782.421	13
782.437	15
782.452	15
782.468	19
782.483	17
782.499	11
782.514	6
782.530	8
782.545	18
782.561	10
782.576	15
782.592	14
782.607	18
782.622	8
782.638	19
782.653	17
782.669	14
782.684	22
782.700	26
782.715	16
782.731	28
782.746	14
782.762	16
782.777	16
782.793	31
782.808	15
782.824	27
782.839	13
782.854	16
782.870	20
782.885	22
782.901	15
782.916	17
782.932	11
782.947	11
782.963	16
782.978	13
782.993	15
783.009	18
783.024	20
783.040	43
783.055	47
783.071	42
783.086	44
783.102	53
783.117	58
783.132	66
783.148	62
783.163	73
783.179	65
783.194	59
783.210	48
783.225	37
783.240	34
783.256	28
783.271	24
783.287	26
783.302	17
783.318	26
783.333	24
783.348	13
783.364	30
783.379	22
783.395	21
783.410	25
783.426	25
783.441	12
783.456	5
783.472	11
783.487	11
783.503	18
783.518	15
783.533	10
783.549	30
783.564	40
783.580	43
783.595	48
783.610	51
783.626	40
783.641	28
783.657	27
783.672	14
783.687	18
783.703	22
783.718	32
783.734	47
783.749	49
783.764	46
783.780	39
783.795	36
783.811	21
783.826	38
783.841	39
783.857	39
783.872	54
783.888	66
783.903	62
783.918	60
783.934	39
783.949	21
783.964	28
783.980	40
783.995	62
784.011	57
784.026	53
784.041	24
784.057	24
784.072	16
784.087	11
784.103	34
784.118	47
784.134	47
784.149	29
784.164	23
784.180	15
784.195	17
784.210	49
784.226	50
784.241	39
784.256	32
784.272	24
784.287	23
784.302	23
784.318	42
784.333	52
784.349	40
784.364	20
784.379	22
784.395	22
784.410	32
784.425	33
784.441	19
784.456	16
784.471	27
784.487	35
784.502	36
784.517	31
784.533	21
784.548	34
784.563	42
784.579	36
784.594	33
784.609	44
784.625	39
784.640	28
784.655	29
784.671	55
784.686	49
784.701	38
784.717	24
784.732	29
784.747	47
784.763	49
784.778	38
784.793	26
784.809	35
784.824	44
784.839	67
784.854	36
784.870	23
784.885	42
784.900	60
784.916	42
784.931	22
784.946	23
784.962	53
784.977	43
784.992	20
785.008	25
785.023	34
785.038	47
785.053	23
785.069	18
785.084	49
785.099	44
785.115	31
785.130	13
785.145	45
785.161	52
785.176	21
785.191	14
785.206	28
785.222	49
785.237	29
785.252	20
785.268	29
785.283	21
785.298	29
785.313	23
785.329	39
785.344	20
785.359	24
785.375	26
785.390	41
785.405	23
785.420	37
785.436	36
785.451	29
785.466	26
785.481	29
785.497	30
785.512	20
785.527	30
785.543	25
785.558	16
785.573	27
785.588	34
785.604	38
785.619	24
785.634	20
785.649	51
785.665	35
785.680	23
785.695	14
785.710	19
785.726	46
785.741	49
785.756	60
785.771	31
785.787	34
785.802	22
785.817	29
785.832	27
785.848	22
785.863	56
785.878	40
785.893	54
785.909	36
785.924	45
785.939	29
785.954	35
785.970	32
785.985	41
786.000	47
786.015	37
786.030	24
786.046	31
786.061	38
786.076	37
786.091	27
786.107	31
786.122	27
786.137	23
786.152	33
786.168	24
786.183	23
786.198	11
786.213	27
786.228	24
786.244	22
786.259	35
786.274	30
786.289	35
786.304	28
786.320	21
786.335	23
786.350	16
786.365	26
786.381	19
786.396	35
786.411	30
786.426	26
786.441	51
786.457	23
786.472	28
786.487	39
786.502	21
786.517	15
786.533	29
786.548	29
786.563	16
786.578	20
786.593	24
786.608	27
786.624	42
786.639	43
786.654	30
786.669	43
786.684	21
786.700	29
786.715	45
786.730	30
786.745	28
786.760	45
786.775	19
786.791	42
786.806	29
786.821	18
786.836	22
786.851	27
786.867	15
786.882	37
786.897	36
786.912	15
786.927	23
786.942	21
786.958	26
786.973	25
786.988	19
787.003	26
787.018	20
787.033	14
787.049	23
787.064	16
787.079	26
787.094	28
787.109	20
787.124	22
787.139	16
787.155	29
787.170	28
787.185	19
787.200	23
787.215	14
787.230	11
787.245	16
787.261	13
787.276	14
787.291	29
787.306	21
787.321	35
787.336	26
787.351	32
787.367	25
787.382	14
787.397	9
787.412	25
787.427	8
787.442	17
787.457	24
787.472	13
787.488	19
787.503	16
787.518	6
787.533	6
787.548	17
787.563	17
787.578	22
787.593	30
787.609	33
787.624	31
787.639	25
787.654	11
787.669	14
787.684	23
787.699	32
787.714	47
787.730	47
787.745	68
787.760	90
787.775	78
787.790	80
787.805	61
787.820	47
787.835	46
787.850	57
787.865	50
