771.850	20
771.866	22
771.883	17
771.899	22
771.915	20
771.931	19
771.947	17
771.964	22
771.980	22
771.996	13
772.012	19
772.028	24
772.045	11
772.061	24
772.077	17
772.093	17
772.109	12
772.126	20
772.142	18
772.158	21
772.174	15
772.190	12
772.206	24
772.223	15
772.239	23
772.255	14
772.271	20
772.287	7
772.304	14
772.320	9
772.336	28
772.352	21
772.368	20
772.384	24
772.401	16
772.417	14
772.433	22
772.449	20
772.465	24
772.482	19
772.498	19
772.514	14
772.530	15
772.546	25
772.562	22
772.579	27
772.595	20
772.611	13
772.627	23
772.643	15
772.659	15
772.675	23
772.692	10
772.708	14
772.724	16
772.740	15
772.756	15
772.772	10
772.789	17
772.805	18
772.821	15
772.837	23
772.853	14
772.869	12
772.885	15
772.902	9
772.918	15
772.934	26
772.950	17
772.966	11
772.982	25
772.998	11
773.015	9
773.031	16
773.047	18
773.063	25
773.079	16
773.095	23
773.111	18
773.127	26
773.144	17
773.160	23
773.176	18
773.192	17
773.208	14
773.224	19
773.240	20
773.256	20
773.272	22
773.289	19
773.305	18
773.321	20
773.337	19
773.353	13
773.369	20
773.385	18
773.401	22
773.417	20
773.434	17
773.450	6
773.466	24
773.482	16
773.498	20
773.514	21
773.530	19
773.546	20
773.562	15
773.579	15
773.595	17
773.611	17
773.627	18
773.643	21
773.659	20
773.675	23
773.691	24
773.707	14
773.723	11
773.739	20
773.755	24
773.772	26
773.788	22
773.804	16
773.820	23
773.836	17
773.852	30
773.868	24
773.884	22
773.900	28
773.916	27
773.932	20
773.948	18
773.964	27
773.981	14
773.997	24
774.013	28
774.029	13
774.045	16
774.061	19
774.077	20
774.093	26
774.109	22
774.125	11
774.141	14
774.157	14
774.173	20
774.189	23
774.205	20
774.221	20
774.237	24
774.254	17
774.270	17
774.286	27
774.302	25
774.318	22
774.334	10
774.350	26
774.366	21
774.382	18
774.398	12
774.414	11
774.430	23
774.446	23
774.462	15
774.478	16
774.494	21
774.510	27
774.526	20
774.542	19
774.558	16
774.574	11
774.590	12
774.606	11
774.622	24
774.638	19
774.654	11
774.670	13
774.686	12
774.702	14
774.719	20
774.735	17
774.751	18
774.767	15
774.783	24
774.799	14
774.815	20
774.831	18
774.847	23
774.863	14
774.879	16
774.895	19
774.911	15
774.927	22
774.943	25
774.959	17
774.975	19
774.991	22
775.007	22
775.023	17
775.039	13
775.055	20
775.071	21
775.087	18
775.103	21
775.119	21
775.135	18
775.151	21
775.167	19
775.183	25
775.199	19
775.215	22
775.231	14
775.247	14
775.262	25
775.278	21
775.294	15
775.310	17
775.326	12
775.342	18
775.358	23
775.374	17
775.390	14
775.406	20
775.422	18
775.438	15
775.454	18
775.470	17
775.486	11
775.502	23
775.518	17
775.534	21
775.550	20
775.566	14
775.582	16
775.598	17
775.614	12
775.630	12
775.646	21
775.662	22
775.678	16
775.694	23
775.710	10
775.725	20
775.741	21
775.757	19
775.773	16
775.789	30
775.805	26
775.821	16
775.837	17
775.853	6
775.869	10
775.885	23
775.901	20
775.917	20
775.933	24
775.949	17
775.965	18
775.981	24
775.996	20
776.012	15
776.028	21
776.044	15
776.060	18
776.076	9
776.092	18
776.108	12
776.124	14
776.140	19
776.156	20
776.172	16
776.188	18
776.203	22
776.219	12
776.235	19
776.251	21
776.267	23
776.283	18
776.299	21
776.315	20
776.331	20
776.347	11
776.363	14
776.378	22
776.394	22
776.410	16
776.426	17
776.442	22
776.458	28
776.474	23
776.490	12
776.506	16
776.522	22
776.537	15
776.553	21
776.569	19
776.585	15
776.601	17
776.617	13
776.633	18
776.649	19
776.665	18
776.680	8
776.696	9
776.712	29
776.728	21
776.744	14
776.760	19
776.776	20
776.792	18
776.808	14
776.823	16
776.839	15
776.855	18
776.871	12
776.887	18
776.903	22
776.919	20
776.934	19
776.950	17
776.966	19
776.982	15
776.998	9
777.014	22
777.030	25
777.046	18
777.061	23
777.077	18
777.093	12
777.109	11
777.125	14
777.141	20
777.157	21
777.172	19
777.188	23
777.204	13
777.220	28
777.236	14
777.252	16
777.267	23
777.283	19
777.299	14
777.315	20
777.331	24
777.347	24
777.362	13
777.378	22
777.394	18
777.410	25
777.426	29
777.442	14
777.457	22
777.473	13
777.489	17
777.505	20
777.521	14
777.537	14
777.552	25
777.568	16
777.584	22
777.600	24
777.616	17
777.632	22
777.647	20
777.663	14
777.679	16
777.695	15
777.711	21
777.726	14
777.742	14
777.758	22
777.774	23
777.790	27
777.806	23
777.821	21
777.837	19
777.853	21
777.869	22
777.885	27
777.900	22
777.916	17
777.932	27
777.948	21
777.964	18
777.979	19
777.995	24
778.011	18
778.027	15
778.042	21
778.058	14
778.074	22
778.090	16
778.106	12
778.121	14
778.137	16
778.153	17
778.169	24
778.185	14
778.200	14
778.216	15
778.232	15
778.248	19
778.263	21
778.279	20
778.295	13
778.311	22
778.327	19
778.342	10
778.358	11
778.374	13
778.390	18
778.405	21
778.421	18
778.437	22
778.453	20
778.468	19
778.484	11
778.500	12
778.516	18
778.531	15
778.547	19
778.563	21
778.579	17
778.594	24
778.610	19
778.626	11
778.642	14
778.658	18
778.673	17
778.689	19
778.705	17
778.720	11
778.736	20
778.752	19
778.768	15
778.783	18
778.799	17
778.815	16
778.831	20
778.846	13
778.862	20
778.878	19
778.894	16
778.909	20
778.925	18
778.941	20
778.957	22
778.972	14
778.988	28
779.004	23
779.019	12
779.035	15
779.051	21
779.067	19
779.082	25
779.098	14
779.114	13
779.129	11
779.145	28
779.161	23
779.177	14
779.192	18
779.208	19
779.224	15
779.239	20
779.255	10
779.271	23
779.287	20
779.302	12
779.318	19
779.334	7
779.349	12
779.365	10
779.381	9
779.396	19
779.412	24
779.428	19
779.444	9
779.459	23
779.475	15
779.491	20
779.506	17
779.522	13
779.538	14
779.553	18
779.569	21
779.585	23
779.600	19
779.616	10
779.632	15
779.647	14
779.663	16
779.679	19
779.695	19
779.710	17
779.726	9
779.742	21
779.757	9
779.773	24
779.789	24
779.804	22
779.820	30
779.836	28
779.851	14
779.867	21
779.883	16
779.898	16
779.914	14
779.930	15
779.945	16
779.961	7
779.977	14
779.992	14
780.008	18
780.023	18
780.039	15
780.055	13
780.070	7
780.086	17
780.102	18
780.117	7
780.133	7
780.149	18
780.164	27
780.180	10
780.196	13
780.211	9
780.227	17
780.243	12
780.258	17
780.274	17
780.289	17
780.305	15
780.321	20
780.336	9
780.352	9
780.368	11
780.383	12
780.399	14
780.414	15
780.430	16
780.446	19
780.461	17
780.477	13
780.493	15
780.508	14
780.524	16
780.539	16
780.555	10
780.571	14
780.586	19
780.602	23
780.618	23
780.633	10
780.649	22
780.664	12
780.680	10
780.696	21
780.711	11
780.727	20
780.742	12
780.758	21
780.774	16
780.789	17
780.805	16
780.820	22
780.836	16
780.852	14
780.867	18
780.883	21
780.898	20
780.914	18
780.930	23
780.945	11
780.961	18
780.976	15
780.992	17
781.008	21
781.023	17
781.039	16
781.054	17
781.070	19
781.085	15
781.101	10
781.117	26
781.132	25
781.148	14
781.163	23
781.179	16
781.194	22
781.210	17
781.226	17
781.241	10
781.257	15
781.272	18
781.288	22
781.303	22
781.319	14
781.335	16
781.350	21
781.366	26
781.381	20
781.397	26
781.412	18
781.428	12
781.443	20
781.459	16
781.475	20
781.490	17
781.506	20
781.521	19
781.537	17
781.552	18
781.568	23
781.583	18
781.599	16
781.614	20
781.630	20
781.646	21
781.661	20
781.677	16
781.692	20
781.708	15
781.723	26
781.739	20
781.754	18
781.770	15
781.785	15
781.801	19
781.816	16
781.832	24
781.848	18
781.863	23
781.879	27
781.894	19
781.910	11
781.925	26
781.941	19
781.956	22
781.972	16
781.987	13
782.003	16
782.018	11
782.034	25
782.049	21
782.065	28
782.080	21
782.096	24
782.111	26
782.127	13
782.142	22
782.158	15
782.173	32
782.189	19
782.204	19
782.220	19
782.235	26
782.251	33
782.266	28
782.282	23
782.297	22
782.313	18
782.328	30
782.344	27
782.359	19
782.375	21
782.390	22
782.406	22
782.421	29
782.437	23
782.452	25
782.468	31
782.483	26
782.499	27
782.514	16
782.530	18
782.545	25
782.561	22
782.576	30
782.592	23
782.607	21
782.622	20
782.638	25
782.653	19
782.669	21
782.684	29
782.700	22
782.715	25
782.731	35
782.746	22
782.762	22
782.777	26
782.793	33
782.808	19
782.824	33
782.839	20
782.854	21
782.870	19
782.885	39
782.901	24
782.916	28
782.932	15
782.947	25
782.963	25
782.978	35
782.993	38
783.009	31
783.024	31
783.040	44
783.055	44
783.071	43
783.086	45
783.102	47
783.117	46
783.132	55
783.148	46
783.163	44
783.179	45
783.194	42
783.210	43
783.225	41
783.240	39
783.256	42
783.271	36
783.287	44
783.302	47
783.318	49
783.333	51
783.348	49
783.364	54
783.379	55
783.395	49
783.410	49
783.426	46
783.441	36
783.456	43
783.472	44
783.487	34
783.503	44
783.518	45
783.533	46
783.549	47
783.564	44
783.580	43
783.595	51
783.610	43
783.626	50
783.641	39
783.657	39
783.672	36
783.687	35
783.703	53
783.718	50
783.734	52
783.749	57
783.764	56
783.780	48
783.795	58
783.811	42
783.826	56
783.841	49
783.857	56
783.872	56
783.888	48
783.903	54
783.918	44
783.934	60
783.949	53
783.964	56
783.980	61
783.995	61
784.011	47
784.026	49
784.041	51
784.057	51
784.072	60
784.087	55
784.103	56
784.118	63
784.134	56
784.149	47
784.164	47
784.180	52
784.195	43
784.210	55
784.226	58
784.241	51
784.256	53
784.272	67
784.287	49
784.302	47
784.318	54
784.333	53
784.349	47
784.364	44
784.379	48
784.395	44
784.410	37
784.425	50
784.441	42
784.456	44
784.471	46
784.487	48
784.502	58
784.517	56
784.533	43
784.548	50
784.563	41
784.579	50
784.594	49
784.609	46
784.625	32
784.640	48
784.655	56
784.671	50
784.686	52
784.701	46
784.717	44
784.732	53
784.747	48
784.763	57
784.778	49
784.793	56
784.809	58
784.824	51
784.839	48
784.854	61
784.870	49
784.885	48
784.900	60
784.916	57
784.931	63
784.946	53
784.962	57
784.977	50
784.992	42
785.008	53
785.023	52
785.038	50
785.053	51
785.069	47
785.084	50
785.099	46
785.115	57
785.130	46
785.145	52
785.161	52
785.176	41
785.191	38
785.206	45
785.222	41
785.237	47
785.252	47
785.268	48
785.283	42
785.298	52
785.313	49
785.329	43
785.344	42
785.359	42
785.375	43
785.390	43
785.405	45
785.420	51
785.436	44
785.451	40
785.466	39
785.481	44
785.497	48
785.512	40
785.527	44
785.543	43
785.558	43
785.573	43
785.588	42
785.604	51
785.619	50
785.634	45
785.649	44
785.665	38
785.680	40
785.695	37
785.710	49
785.726	56
785.741	39
785.756	56
785.771	45
785.787	50
785.802	47
785.817	45
785.832	48
785.848	33
785.863	53
785.878	46
785.893	53
785.909	47
785.924	49
785.939	52
785.954	52
785.970	55
785.985	40
786.000	53
786.015	45
786.030	47
786.046	55
786.061	47
786.076	42
786.091	49
786.107	55
786.122	51
786.137	42
786.152	61
786.168	36
786.183	48
786.198	36
786.213	49
786.228	40
786.244	45
786.259	44
786.274	51
786.289	39
786.304	37
786.320	40
786.335	44
786.350	47
786.365	45
786.381	46
786.396	39
786.411	46
786.426	42
786.441	37
786.457	30
786.472	32
786.487	31
786.502	39
786.517	36
786.533	36
786.548	49
786.563	43
786.578	25
786.593	37
786.608	48
786.624	46
786.639	41
786.654	52
786.669	42
786.684	44
786.700	45
786.715	42
786.730	46
786.745	40
786.760	37
786.775	40
786.791	40
786.806	44
786.821	40
786.836	36
786.851	37
786.867	36
786.882	41
786.897	43
786.912	38
786.927	39
786.942	49
786.958	44
786.973	37
786.988	46
787.003	44
787.018	32
787.033	26
787.049	34
787.064	37
787.079	35
787.094	35
787.109	30
787.124	39
787.139	30
787.155	41
787.170	31
787.185	42
787.200	41
787.215	37
787.230	30
787.245	35
787.261	31
787.276	37
787.291	28
787.306	44
787.321	28
787.336	32
787.351	23
787.367	39
787.382	41
787.397	30
787.412	32
787.427	27
787.442	38
787.457	33
787.472	43
787.488	40
787.503	26
787.518	29
787.533	38
787.548	35
787.563	32
787.578	35
787.593	35
787.609	51
787.624	45
787.639	47
787.654	39
787.669	46
787.684	54
787.699	55
787.714	55
787.730	65
787.745	65
787.760	55
787.775	53
787.790	56
787.805	59
787.820	59
787.835	64
787.850	80
787.865	76
