771.850	12
771.866	20
771.883	16
771.899	15
771.915	12
771.931	13
771.947	14
771.964	18
771.980	12
771.996	15
772.012	14
772.028	16
772.045	1
772.061	12
772.077	4
772.093	16
772.109	16
772.126	9
772.142	14
772.158	13
772.174	11
772.190	13
772.206	15
772.223	17
772.239	11
772.255	8
772.271	20
772.287	8
772.304	20
772.320	3
772.336	14
772.352	10
772.368	16
772.384	10
772.401	15
772.417	10
772.433	11
772.449	20
772.465	14
772.482	13
772.498	13
772.514	2
772.530	10
772.546	16
772.562	19
772.579	10
772.595	13
772.611	11
772.627	7
772.643	12
772.659	14
772.675	13
772.692	0
772.708	6
772.724	12
772.740	13
772.756	10
772.772	11
772.789	12
772.805	5
772.821	16
772.837	6
772.853	12
772.869	11
772.885	5
772.902	7
772.918	8
772.934	13
772.950	13
772.966	13
772.982	18
772.998	12
773.015	8
773.031	14
773.047	19
773.063	22
773.079	13
773.095	15
773.111	11
773.127	13
773.144	15
773.160	11
773.176	15
773.192	11
773.208	10
773.224	8
773.240	13
773.256	14
773.272	17
773.289	8
773.305	13
773.321	24
773.337	15
773.353	6
773.369	16
773.385	14
773.401	13
773.417	13
773.434	14
773.450	10
773.466	19
773.482	12
773.498	7
773.514	14
773.530	5
773.546	8
773.562	10
773.579	11
773.595	15
773.611	12
773.627	20
773.643	15
773.659	16
773.675	11
773.691	16
773.707	15
773.723	5
773.739	11
773.755	20
773.772	13
773.788	16
773.804	12
773.820	14
773.836	9
773.852	14
773.868	11
773.884	14
773.900	11
773.916	14
773.932	12
773.948	15
773.964	17
773.981	6
773.997	8
774.013	19
774.029	6
774.045	15
774.061	11
774.077	13
774.093	21
774.109	13
774.125	16
774.141	16
774.157	4
774.173	13
774.189	4
774.205	15
774.221	16
774.237	15
774.254	11
774.270	10
774.286	17
774.302	9
774.318	18
774.334	9
774.350	14
774.366	14
774.382	17
774.398	8
774.414	4
774.430	9
774.446	7
774.462	11
774.478	18
774.494	11
774.510	12
774.526	9
774.542	9
774.558	14
774.574	4
774.590	12
774.606	12
774.622	14
774.638	15
774.654	7
774.670	8
774.686	15
774.702	13
774.719	18
774.735	10
774.751	12
774.767	12
774.783	16
774.799	14
774.815	19
774.831	14
774.847	19
774.863	13
774.879	12
774.895	16
774.911	10
774.927	10
774.943	15
774.959	10
774.975	12
774.991	13
775.007	21
775.023	8
775.039	13
775.055	7
775.071	8
775.087	8
775.103	17
775.119	16
775.135	8
775.151	14
775.167	15
775.183	16
775.199	15
775.215	15
775.231	10
775.247	13
775.262	14
775.278	10
775.294	7
775.310	9
775.326	10
775.342	10
775.358	14
775.374	5
775.390	7
775.406	17
775.422	12
775.438	19
775.454	20
775.470	15
775.486	10
775.502	14
775.518	9
775.534	17
775.550	15
775.566	6
775.582	13
775.598	9
775.614	6
775.630	14
775.646	15
775.662	20
775.678	8
775.694	9
775.710	8
775.725	10
775.741	17
775.757	13
775.773	16
775.789	13
775.805	18
775.821	13
775.837	10
775.853	1
775.869	5
775.885	16
775.901	14
775.917	10
775.933	20
775.949	9
775.965	18
775.981	12
775.996	8
776.012	11
776.028	18
776.044	18
776.060	10
776.076	9
776.092	13
776.108	0
776.124	10
776.140	15
776.156	20
776.172	6
776.188	5
776.203	14
776.219	11
776.235	15
776.251	14
776.267	13
776.283	8
776.299	11
776.315	15
776.331	13
776.347	9
776.363	9
776.378	18
776.394	18
776.410	8
776.426	12
776.442	16
776.458	14
776.474	21
776.490	7
776.506	14
776.522	16
776.537	6
776.553	13
776.569	18
776.585	6
776.601	12
776.617	12
776.633	16
776.649	13
776.665	18
776.680	2
776.696	6
776.712	20
776.728	15
776.744	15
776.760	15
776.776	5
776.792	6
776.808	12
776.823	14
776.839	10
776.855	17
776.871	9
776.887	2
776.903	12
776.919	21
776.934	12
776.950	5
776.966	14
776.982	11
776.998	8
777.014	11
777.030	16
777.046	12
777.061	12
777.077	15
777.093	11
777.109	13
777.125	9
777.141	16
777.157	16
777.172	16
777.188	18
777.204	12
777.220	15
777.236	12
777.252	11
777.267	13
777.283	19
777.299	5
777.315	17
777.331	17
777.347	22
777.362	12
777.378	13
777.394	6
777.410	14
777.426	15
777.442	16
777.457	13
777.473	8
777.489	15
777.505	23
777.521	9
777.537	8
777.552	16
777.568	12
777.584	13
777.600	11
777.616	6
777.632	13
777.647	13
777.663	13
777.679	12
777.695	4
777.711	12
777.726	14
777.742	14
777.758	16
777.774	18
777.790	13
777.806	14
777.821	11
777.837	15
777.853	15
777.869	18
777.885	12
777.900	9
777.916	7
777.932	22
777.948	15
777.964	18
777.979	12
777.995	13
778.011	16
778.027	18
778.042	21
778.058	10
778.074	16
778.090	10
778.106	7
778.121	12
778.137	8
778.153	12
778.169	10
778.185	11
778.200	16
778.216	11
778.232	6
778.248	5
778.263	15
778.279	11
778.295	4
778.311	18
778.327	14
778.342	5
778.358	12
778.374	11
778.390	18
778.405	9
778.421	21
778.437	15
778.453	14
778.468	19
778.484	8
778.500	7
778.516	11
778.531	3
778.547	12
778.563	15
778.579	12
778.594	14
778.610	12
778.626	18
778.642	9
778.658	8
778.673	11
778.689	12
778.705	18
778.720	5
778.736	13
778.752	7
778.768	11
778.783	13
778.799	6
778.815	17
778.831	14
778.846	9
778.862	13
778.878	5
778.894	22
778.909	15
778.925	16
778.941	14
778.957	10
778.972	10
778.988	22
779.004	17
779.019	13
779.035	9
779.051	22
779.067	14
779.082	15
779.098	5
779.114	12
779.129	9
779.145	13
779.161	18
779.177	12
779.192	10
779.208	10
779.224	11
779.239	9
779.255	10
779.271	14
779.287	9
779.302	12
779.318	10
779.334	12
779.349	4
779.365	9
779.381	4
779.396	14
779.412	16
779.428	6
779.444	8
779.459	17
779.475	13
779.491	15
779.506	10
779.522	11
779.538	7
779.553	9
779.569	14
779.585	10
779.600	18
779.616	8
779.632	10
779.647	7
779.663	10
779.679	13
779.695	19
779.710	9
779.726	-1
779.742	17
779.757	8
779.773	15
779.789	14
779.804	21
779.820	19
779.836	20
779.851	7
779.867	12
779.883	9
779.898	8
779.914	13
779.930	16
779.945	12
779.961	9
779.977	6
779.992	15
780.008	12
780.023	8
780.039	16
780.055	8
780.070	4
780.086	7
780.102	6
780.117	9
780.133	8
780.149	18
780.164	13
780.180	4
780.196	7
780.211	8
780.227	14
780.243	10
780.258	9
780.274	15
780.289	8
780.305	13
780.321	19
780.336	3
780.352	4
780.368	6
780.383	8
780.399	6
780.414	14
780.430	13
780.446	10
780.461	13
780.477	11
780.493	6
780.508	8
780.524	18
780.539	10
780.555	6
780.571	11
780.586	15
780.602	12
780.618	17
780.633	7
780.649	19
780.664	10
780.680	8
780.696	9
780.711	11
780.727	14
780.742	5
780.758	26
780.774	16
780.789	14
780.805	11
780.820	15
780.836	7
780.852	14
780.867	13
780.883	16
780.898	14
780.914	6
780.930	11
780.945	15
780.961	8
780.976	11
780.992	3
781.008	19
781.023	7
781.039	7
781.054	13
781.070	12
781.085	21
781.101	6
781.117	17
781.132	15
781.148	9
781.163	12
781.179	12
781.194	13
781.210	16
781.226	9
781.241	13
781.257	12
781.272	15
781.288	6
781.303	12
781.319	11
781.335	10
781.350	19
781.366	22
781.381	13
781.397	20
781.412	15
781.428	16
781.443	10
781.459	7
781.475	12
781.490	2
781.506	11
781.521	18
781.537	11
781.552	19
781.568	10
781.583	15
781.599	16
781.614	16
781.630	16
781.646	15
781.661	15
781.677	12
781.692	13
781.708	10
781.723	10
781.739	16
781.754	10
781.770	10
781.785	18
781.801	18
781.816	20
781.832	21
781.848	5
781.863	21
781.879	19
781.894	11
781.910	17
781.925	14
781.941	15
781.956	10
781.972	15
781.987	12
782.003	13
782.018	14
782.034	16
782.049	14
782.065	11
782.080	7
782.096	13
782.111	16
782.127	8
782.142	16
782.158	17
782.173	11
782.189	9
782.204	12
782.220	9
782.235	18
782.251	21
782.266	18
782.282	19
782.297	23
782.313	14
782.328	17
782.344	25
782.359	19
782.375	14
782.390	15
782.406	18
782.421	13
782.437	18
782.452	17
782.468	20
782.483	15
782.499	22
782.514	8
782.530	17
782.545	23
782.561	9
782.576	15
782.592	13
782.607	20
782.622	14
782.638	14
782.653	15
782.669	13
782.684	21
782.700	10
782.715	13
782.731	24
782.746	16
782.762	15
782.777	18
782.793	17
782.808	13
782.824	24
782.839	16
782.854	16
782.870	9
782.885	16
782.901	18
782.916	22
782.932	17
782.947	4
782.963	17
782.978	25
782.993	24
783.009	19
783.024	25
783.040	27
783.055	25
783.071	28
783.086	27
783.102	32
783.117	26
783.132	32
783.148	24
783.163	24
783.179	28
783.194	20
783.210	35
783.225	25
783.240	24
783.256	32
783.271	32
783.287	29
783.302	28
783.318	27
783.333	35
783.348	30
783.364	44
783.379	42
783.395	27
783.410	27
783.426	35
783.441	28
783.456	28
783.472	17
783.487	41
783.503	31
783.518	34
783.533	34
783.549	26
783.564	32
783.580	25
783.595	34
783.610	33
783.626	35
783.641	28
783.657	25
783.672	28
783.687	21
783.703	32
783.718	27
783.734	35
783.749	37
783.764	42
783.780	28
783.795	38
783.811	42
783.826	38
783.841	37
783.857	30
783.872	39
783.888	34
783.903	35
783.918	29
783.934	40
783.949	46
783.964	30
783.980	48
783.995	41
784.011	39
784.026	42
784.041	34
784.057	35
784.072	37
784.087	27
784.103	43
784.118	48
784.134	42
784.149	25
784.164	30
784.180	38
784.195	36
784.210	42
784.226	32
784.241	32
784.256	35
784.272	41
784.287	31
784.302	34
784.318	29
784.333	31
784.349	40
784.364	37
784.379	38
784.395	29
784.410	38
784.425	32
784.441	31
784.456	31
784.471	33
784.487	32
784.502	39
784.517	36
784.533	31
784.548	40
784.563	39
784.579	36
784.594	33
784.609	28
784.625	15
784.640	28
784.655	28
784.671	33
784.686	37
784.701	41
784.717	29
784.732	29
784.747	39
784.763	36
784.778	34
784.793	36
784.809	38
784.824	33
784.839	39
784.854	36
784.870	31
784.885	30
784.900	38
784.916	37
784.931	38
784.946	34
784.962	36
784.977	40
784.992	33
785.008	35
785.023	43
785.038	33
785.053	34
785.069	31
785.084	37
785.099	46
785.115	33
785.130	31
785.145	34
785.161	40
785.176	27
785.191	32
785.206	31
785.222	32
785.237	33
785.252	29
785.268	37
785.283	27
785.298	37
785.313	31
785.329	35
785.344	25
785.359	27
785.375	40
785.390	29
785.405	31
785.420	31
785.436	23
785.451	28
785.466	28
785.481	31
785.497	35
785.512	26
785.527	23
785.543	30
785.558	32
785.573	33
785.588	22
785.604	40
785.619	35
785.634	27
785.649	35
785.665	27
785.680	29
785.695	24
785.710	36
785.726	43
785.741	31
785.756	36
785.771	28
785.787	23
785.802	35
785.817	34
785.832	30
785.848	28
785.863	28
785.878	34
785.893	28
785.909	19
785.924	40
785.939	47
785.954	38
785.970	33
785.985	35
786.000	31
786.015	37
786.030	36
786.046	33
786.061	31
786.076	22
786.091	29
786.107	33
786.122	32
786.137	25
786.152	35
786.168	33
786.183	39
786.198	29
786.213	32
786.228	31
786.244	32
786.259	35
786.274	37
786.289	29
786.304	29
786.320	26
786.335	34
786.350	33
786.365	34
786.381	33
786.396	34
786.411	23
786.426	24
786.441	25
786.457	21
786.472	33
786.487	21
786.502	22
786.517	29
786.533	29
786.548	32
786.563	24
786.578	21
786.593	22
786.608	37
786.624	35
786.639	20
786.654	35
786.669	28
786.684	25
786.700	36
786.715	33
786.730	31
786.745	30
786.760	29
786.775	45
786.791	25
786.806	26
786.821	34
786.836	28
786.851	26
786.867	28
786.882	28
786.897	31
786.912	26
786.927	29
786.942	28
786.958	39
786.973	33
786.988	29
787.003	28
787.018	21
787.033	26
787.049	24
787.064	28
787.079	27
787.094	32
787.109	21
787.124	29
787.139	27
787.155	40
787.170	18
787.185	26
787.200	23
787.215	20
787.230	18
787.245	23
787.261	23
787.276	26
787.291	18
787.306	19
787.321	27
787.336	23
787.351	24
787.367	24
787.382	30
787.397	20
787.412	23
787.427	17
787.442	27
787.457	23
787.472	24
787.488	29
787.503	23
787.518	13
787.533	30
787.548	28
787.563	17
787.578	31
787.593	27
787.609	22
787.624	25
787.639	21
787.654	33
787.669	29
787.684	27
787.699	36
787.714	25
787.730	29
787.745	29
787.760	20
787.775	31
787.790	36
787.805	29
787.820	43
787.835	37
787.850	39
787.865	48
