771.850	12
771.866	14
771.883	11
771.899	13
771.915	9
771.931	6
771.947	10
771.964	15
771.980	20
771.996	4
772.012	6
772.028	12
772.045	9
772.061	13
772.077	4
772.093	19
772.109	11
772.126	19
772.142	9
772.158	17
772.174	14
772.190	16
772.206	20
772.223	10
772.239	8
772.255	10
772.271	18
772.287	10
772.304	19
772.320	-1
772.336	15
772.352	11
772.368	13
772.384	11
772.401	8
772.417	7
772.433	13
772.449	7
772.465	12
772.482	16
772.498	7
772.514	16
772.530	12
772.546	29
772.562	22
772.579	11
772.595	13
772.611	9
772.627	8
772.643	9
772.659	9
772.675	15
772.692	10
772.708	5
772.724	15
772.740	11
772.756	12
772.772	7
772.789	12
772.805	10
772.821	10
772.837	12
772.853	11
772.869	16
772.885	8
772.902	8
772.918	5
772.934	14
772.950	13
772.966	8
772.982	14
772.998	12
773.015	7
773.031	15
773.047	19
773.063	20
773.079	11
773.095	18
773.111	9
773.127	18
773.144	10
773.160	10
773.176	4
773.192	8
773.208	7
773.224	13
773.240	8
773.256	14
773.272	13
773.289	12
773.305	7
773.321	19
773.337	18
773.353	10
773.369	15
773.385	3
773.401	13
773.417	16
773.434	13
773.450	12
773.466	17
773.482	21
773.498	14
773.514	9
773.530	21
773.546	21
773.562	16
773.579	18
773.595	11
773.611	12
773.627	20
773.643	13
773.659	11
773.675	15
773.691	15
773.707	10
773.723	13
773.739	18
773.755	15
773.772	7
773.788	15
773.804	11
773.820	10
773.836	7
773.852	21
773.868	4
773.884	17
773.900	19
773.916	21
773.932	16
773.948	21
773.964	22
773.981	9
773.997	17
774.013	24
774.029	2
774.045	8
774.061	14
774.077	13
774.093	19
774.109	13
774.125	16
774.141	5
774.157	5
774.173	21
774.189	12
774.205	7
774.221	9
774.237	11
774.254	9
774.270	10
774.286	15
774.302	11
774.318	18
774.334	16
774.350	16
774.366	14
774.382	17
774.398	8
774.414	8
774.430	14
774.446	15
774.462	18
774.478	23
774.494	16
774.510	15
774.526	11
774.542	10
774.558	16
774.574	6
774.590	7
774.606	17
774.622	13
774.638	13
774.654	7
774.670	17
774.686	7
774.702	5
774.719	16
774.735	9
774.751	7
774.767	11
774.783	10
774.799	15
774.815	10
774.831	21
774.847	22
774.863	20
774.879	5
774.895	10
774.911	19
774.927	8
774.943	11
774.959	14
774.975	20
774.991	15
775.007	22
775.023	11
775.039	4
775.055	11
775.071	9
775.087	10
775.103	15
775.119	14
775.135	12
775.151	13
775.167	13
775.183	22
775.199	15
775.215	15
775.231	10
775.247	13
775.262	9
775.278	13
775.294	12
775.310	13
775.326	11
775.342	10
775.358	14
775.374	6
775.390	11
775.406	18
775.422	13
775.438	16
775.454	20
775.470	14
775.486	7
775.502	15
775.518	11
775.534	17
775.550	10
775.566	8
775.582	10
775.598	11
775.614	13
775.630	11
775.646	17
775.662	17
775.678	9
775.694	7
775.710	11
775.725	12
775.741	7
775.757	-3
775.773	14
775.789	13
775.805	24
775.821	9
775.837	8
775.853	5
775.869	18
775.885	10
775.901	9
775.917	12
775.933	14
775.949	7
775.965	17
775.981	4
775.996	10
776.012	12
776.028	13
776.044	12
776.060	9
776.076	11
776.092	12
776.108	12
776.124	16
776.140	6
776.156	14
776.172	16
776.188	7
776.203	11
776.219	15
776.235	22
776.251	18
776.267	16
776.283	13
776.299	10
776.315	9
776.331	22
776.347	13
776.363	16
776.378	17
776.394	19
776.410	16
776.426	15
776.442	15
776.458	6
776.474	15
776.490	8
776.506	11
776.522	14
776.537	10
776.553	15
776.569	15
776.585	15
776.601	19
776.617	10
776.633	12
776.649	8
776.665	16
776.680	6
776.696	11
776.712	24
776.728	16
776.744	14
776.760	26
776.776	13
776.792	10
776.808	9
776.823	11
776.839	8
776.855	7
776.871	7
776.887	17
776.903	20
776.919	24
776.934	19
776.950	15
776.966	21
776.982	10
776.998	12
777.014	9
777.030	17
777.046	13
777.061	12
777.077	20
777.093	7
777.109	22
777.125	13
777.141	18
777.157	17
777.172	18
777.188	13
777.204	18
777.220	20
777.236	11
777.252	17
777.267	19
777.283	9
777.299	14
777.315	22
777.331	30
777.347	24
777.362	13
777.378	19
777.394	18
777.410	16
777.426	14
777.442	14
777.457	12
777.473	8
777.489	9
777.505	12
777.521	11
777.537	5
777.552	14
777.568	15
777.584	14
777.600	11
777.616	6
777.632	10
777.647	9
777.663	11
777.679	7
777.695	7
777.711	15
777.726	12
777.742	18
777.758	19
777.774	30
777.790	16
777.806	19
777.821	12
777.837	19
777.853	15
777.869	19
777.885	21
777.900	14
777.916	11
777.932	18
777.948	14
777.964	16
777.979	18
777.995	13
778.011	5
778.027	13
778.042	17
778.058	10
778.074	12
778.090	13
778.106	4
778.121	12
778.137	13
778.153	10
778.169	11
778.185	10
778.200	5
778.216	6
778.232	15
778.248	14
778.263	14
778.279	15
778.295	7
778.311	9
778.327	11
778.342	2
778.358	15
778.374	9
778.390	18
778.405	16
778.421	14
778.437	12
778.453	7
778.468	11
778.484	2
778.500	6
778.516	10
778.531	3
778.547	15
778.563	10
778.579	11
778.594	16
778.610	15
778.626	12
778.642	7
778.658	10
778.673	10
778.689	11
778.705	12
778.720	5
778.736	15
778.752	12
778.768	6
778.783	15
778.799	21
778.815	16
778.831	13
778.846	8
778.862	12
778.878	11
778.894	14
778.909	14
778.925	21
778.941	22
778.957	18
778.972	13
778.988	19
779.004	8
779.019	16
779.035	9
779.051	21
779.067	16
779.082	12
779.098	12
779.114	15
779.129	5
779.145	15
779.161	17
779.177	12
779.192	14
779.208	12
779.224	14
779.239	9
779.255	11
779.271	22
779.287	9
779.302	6
779.318	16
779.334	11
779.349	10
779.365	12
779.381	2
779.396	14
779.412	16
779.428	13
779.444	9
779.459	13
779.475	15
779.491	11
779.506	8
779.522	15
779.538	15
779.553	16
779.569	13
779.585	13
779.600	20
779.616	10
779.632	7
779.647	10
779.663	15
779.679	12
779.695	14
779.710	8
779.726	4
779.742	10
779.757	21
779.773	20
779.789	20
779.804	17
779.820	21
779.836	22
779.851	12
779.867	7
779.883	13
779.898	5
779.914	16
779.930	5
779.945	5
779.961	9
779.977	7
779.992	13
780.008	13
780.023	1
780.039	10
780.055	11
780.070	6
780.086	3
780.102	9
780.117	5
780.133	4
780.149	14
780.164	15
780.180	6
780.196	11
780.211	5
780.227	16
780.243	13
780.258	13
780.274	6
780.289	13
780.305	16
780.321	10
780.336	7
780.352	9
780.368	7
780.383	11
780.399	8
780.414	14
780.430	12
780.446	17
780.461	9
780.477	14
780.493	8
780.508	9
780.524	8
780.539	12
780.555	0
780.571	11
780.586	12
780.602	19
780.618	22
780.633	5
780.649	15
780.664	5
780.680	4
780.696	8
780.711	11
780.727	15
780.742	12
780.758	18
780.774	16
780.789	12
780.805	8
780.820	17
780.836	8
780.852	12
780.867	13
780.883	22
780.898	13
780.914	9
780.930	14
780.945	17
780.961	13
780.976	17
780.992	10
781.008	15
781.023	2
781.039	9
781.054	10
781.070	10
781.085	13
781.101	3
781.117	18
781.132	15
781.148	8
781.163	14
781.179	12
781.194	17
781.210	14
781.226	6
781.241	13
781.257	9
781.272	5
781.288	12
781.303	15
781.319	16
781.335	12
781.350	25
781.366	22
781.381	6
781.397	12
781.412	15
781.428	20
781.443	14
781.459	8
781.475	10
781.490	15
781.506	8
781.521	17
781.537	11
781.552	12
781.568	10
781.583	16
781.599	16
781.614	13
781.630	15
781.646	16
781.661	13
781.677	10
781.692	8
781.708	13
781.723	18
781.739	14
781.754	12
781.770	14
781.785	15
781.801	16
781.816	16
781.832	19
781.848	14
781.863	18
781.879	19
781.894	11
781.910	11
781.925	17
781.941	15
781.956	9
781.972	11
781.987	9
782.003	14
782.018	9
782.034	11
782.049	11
782.065	16
782.080	14
782.096	19
782.111	27
782.127	18
782.142	28
782.158	28
782.173	22
782.189	15
782.204	15
782.220	14
782.235	20
782.251	21
782.266	21
782.282	18
782.297	15
782.313	20
782.328	12
782.344	13
782.359	7
782.375	14
782.390	21
782.406	7
782.421	15
782.437	15
782.452	12
782.468	19
782.483	16
782.499	17
782.514	8
782.530	12
782.545	15
782.561	14
782.576	17
782.592	17
782.607	13
782.622	11
782.638	13
782.653	17
782.669	6
782.684	25
782.700	23
782.715	19
782.731	27
782.746	21
782.762	16
782.777	19
782.793	34
782.808	15
782.824	20
782.839	18
782.854	13
782.870	16
782.885	18
782.901	17
782.916	10
782.932	20
782.947	6
782.963	13
782.978	22
782.993	19
783.009	11
783.024	25
783.040	37
783.055	42
783.071	49
783.086	43
783.102	53
783.117	52
783.132	62
783.148	60
783.163	71
783.179	71
783.194	56
783.210	50
783.225	38
783.240	38
783.256	30
783.271	19
783.287	27
783.302	23
783.318	25
783.333	17
783.348	12
783.364	29
783.379	22
783.395	31
783.410	19
783.426	28
783.441	15
783.456	8
783.472	7
783.487	13
783.503	22
783.518	19
783.533	18
783.549	40
783.564	31
783.580	41
783.595	51
783.610	46
783.626	42
783.641	21
783.657	18
783.672	20
783.687	17
783.703	21
783.718	36
783.734	42
783.749	58
783.764	54
783.780	39
783.795	43
783.811	28
783.826	40
783.841	39
783.857	39
783.872	65
783.888	71
783.903	68
783.918	69
783.934	40
783.949	17
783.964	20
783.980	43
783.995	53
784.011	60
784.026	53
784.041	26
784.057	24
784.072	23
784.087	14
784.103	36
784.118	52
784.134	48
784.149	31
784.164	18
784.180	12
784.195	17
784.210	51
784.226	45
784.241	41
784.256	34
784.272	29
784.287	21
784.302	33
784.318	37
784.333	50
784.349	41
784.364	22
784.379	19
784.395	25
784.410	36
784.425	29
784.441	14
784.456	15
784.471	31
784.487	44
784.502	43
784.517	25
784.533	28
784.548	33
784.563	42
784.579	39
784.594	35
784.609	42
784.625	30
784.640	32
784.655	26
784.671	57
784.686	48
784.701	42
784.717	30
784.732	27
784.747	42
784.763	47
784.778	40
784.793	30
784.809	39
784.824	52
784.839	46
784.854	35
784.870	25
784.885	39
784.900	56
784.916	51
784.931	24
784.946	24
784.962	53
784.977	41
784.992	25
785.008	11
785.023	36
785.038	43
785.053	23
785.069	11
785.084	48
785.099	44
785.115	18
785.130	11
785.145	39
785.161	59
785.176	25
785.191	14
785.206	32
785.222	39
785.237	29
785.252	16
785.268	33
785.283	21
785.298	29
785.313	22
785.329	48
785.344	17
785.359	22
785.375	25
785.390	37
785.405	24
785.420	43
785.436	33
785.451	28
785.466	23
785.481	35
785.497	41
785.512	19
785.527	28
785.543	25
785.558	22
785.573	25
785.588	37
785.604	35
785.619	17
785.634	18
785.649	50
785.665	40
785.680	25
785.695	12
785.710	23
785.726	45
785.741	47
785.756	58
785.771	28
785.787	34
785.802	28
785.817	36
785.832	19
785.848	20
785.863	64
785.878	40
785.893	52
785.909	41
785.924	49
785.939	28
785.954	26
785.970	36
785.985	44
786.000	36
786.015	39
786.030	30
786.046	33
786.061	28
786.076	40
786.091	24
786.107	31
786.122	31
786.137	20
786.152	36
786.168	24
786.183	22
786.198	17
786.213	32
786.228	18
786.244	32
786.259	36
786.274	32
786.289	28
786.304	21
786.320	17
786.335	20
786.350	19
786.365	35
786.381	21
786.396	30
786.411	33
786.426	20
786.441	44
786.457	23
786.472	29
786.487	35
786.502	26
786.517	18
786.533	28
786.548	31
786.563	20
786.578	15
786.593	18
786.608	27
786.624	38
786.639	30
786.654	24
786.669	51
786.684	33
786.700	26
786.715	48
786.730	41
786.745	34
786.760	47
786.775	21
786.791	39
786.806	29
786.821	24
786.836	16
786.851	32
786.867	21
786.882	35
786.897	27
786.912	13
786.927	29
786.942	19
786.958	20
786.973	30
786.988	20
787.003	30
787.018	27
787.033	8
787.049	15
787.064	12
787.079	32
787.094	35
787.109	11
787.124	16
787.139	20
787.155	28
787.170	24
787.185	17
787.200	27
787.215	19
787.230	9
787.245	15
787.261	19
787.276	19
787.291	23
787.306	23
787.321	24
787.336	29
787.351	29
787.367	34
787.382	24
787.397	7
787.412	18
787.427	13
787.442	20
787.457	22
787.472	20
787.488	18
787.503	11
787.518	8
787.533	21
787.548	6
787.563	19
787.578	29
787.593	31
787.609	37
787.624	31
787.639	29
787.654	21
787.669	12
787.684	23
787.699	30
787.714	52
787.730	59
787.745	68
787.760	93
787.775	85
787.790	91
787.805	74
787.820	56
787.835	49
787.850	50
787.865	48
