771.850	13
771.866	14
771.883	12
771.899	16
771.915	12
771.931	10
771.947	12
771.964	21
771.980	12
771.996	8
772.012	12
772.028	12
772.045	11
772.061	13
772.077	6
772.093	17
772.109	11
772.126	20
772.142	12
772.158	13
772.174	10
772.190	15
772.206	17
772.223	10
772.239	10
772.255	13
772.271	19
772.287	19
772.304	19
772.320	2
772.336	15
772.352	16
772.368	13
772.384	14
772.401	8
772.417	6
772.433	18
772.449	17
772.465	8
772.482	13
772.498	5
772.514	9
772.530	12
772.546	22
772.562	20
772.579	16
772.595	10
772.611	13
772.627	13
772.643	9
772.659	8
772.675	15
772.692	5
772.708	2
772.724	15
772.740	19
772.756	3
772.772	20
772.789	10
772.805	13
772.821	7
772.837	10
772.853	8
772.869	11
772.885	9
772.902	3
772.918	10
772.934	23
772.950	11
772.966	13
772.982	9
772.998	12
773.015	5
773.031	11
773.047	19
773.063	24
773.079	10
773.095	21
773.111	13
773.127	22
773.144	16
773.160	13
773.176	12
773.192	17
773.208	7
773.224	17
773.240	7
773.256	13
773.272	15
773.289	12
773.305	16
773.321	13
773.337	20
773.353	1
773.369	9
773.385	12
773.401	15
773.417	13
773.434	12
773.450	18
773.466	16
773.482	17
773.498	14
773.514	18
773.530	20
773.546	19
773.562	17
773.579	12
773.595	15
773.611	16
773.627	15
773.643	16
773.659	15
773.675	11
773.691	12
773.707	7
773.723	9
773.739	9
773.755	18
773.772	14
773.788	15
773.804	13
773.820	9
773.836	8
773.852	18
773.868	15
773.884	10
773.900	20
773.916	22
773.932	15
773.948	25
773.964	21
773.981	13
773.997	15
774.013	21
774.029	8
774.045	11
774.061	16
774.077	14
774.093	14
774.109	14
774.125	15
774.141	15
774.157	1
774.173	15
774.189	12
774.205	12
774.221	12
774.237	17
774.254	8
774.270	19
774.286	18
774.302	8
774.318	18
774.334	12
774.350	16
774.366	12
774.382	17
774.398	11
774.414	8
774.430	13
774.446	15
774.462	9
774.478	20
774.494	18
774.510	15
774.526	11
774.542	13
774.558	17
774.574	10
774.590	6
774.606	13
774.622	19
774.638	10
774.654	-2
774.670	14
774.686	5
774.702	12
774.719	14
774.735	12
774.751	13
774.767	9
774.783	19
774.799	7
774.815	19
774.831	13
774.847	15
774.863	11
774.879	7
774.895	18
774.911	8
774.927	12
774.943	17
774.959	14
774.975	14
774.991	20
775.007	17
775.023	17
775.039	9
775.055	18
775.071	11
775.087	10
775.103	19
775.119	18
775.135	12
775.151	16
775.167	13
775.183	19
775.199	15
775.215	17
775.231	16
775.247	18
775.262	13
775.278	12
775.294	12
775.310	6
775.326	8
775.342	15
775.358	14
775.374	11
775.390	5
775.406	20
775.422	13
775.438	14
775.454	17
775.470	18
775.486	17
775.502	26
775.518	17
775.534	18
775.550	16
775.566	9
775.582	13
775.598	13
775.614	3
775.630	11
775.646	15
775.662	18
775.678	11
775.694	11
775.710	5
775.725	12
775.741	20
775.757	7
775.773	12
775.789	17
775.805	19
775.821	9
775.837	9
775.853	3
775.869	11
775.885	13
775.901	15
775.917	11
775.933	17
775.949	9
775.965	18
775.981	11
775.996	5
776.012	10
776.028	22
776.044	8
776.060	13
776.076	9
776.092	14
776.108	4
776.124	21
776.140	12
776.156	17
776.172	13
776.188	8
776.203	20
776.219	10
776.235	21
776.251	14
776.267	13
776.283	16
776.299	12
776.315	17
776.331	20
776.347	15
776.363	15
776.378	20
776.394	17
776.410	10
776.426	13
776.442	9
776.458	16
776.474	15
776.490	12
776.506	15
776.522	21
776.537	7
776.553	10
776.569	12
776.585	9
776.601	12
776.617	4
776.633	13
776.649	10
776.665	24
776.680	8
776.696	4
776.712	17
776.728	12
776.744	14
776.760	24
776.776	15
776.792	8
776.808	12
776.823	14
776.839	15
776.855	18
776.871	7
776.887	9
776.903	22
776.919	21
776.934	14
776.950	17
776.966	20
776.982	11
776.998	10
777.014	15
777.030	14
777.046	15
777.061	8
777.077	20
777.093	9
777.109	19
777.125	12
777.141	15
777.157	12
777.172	6
777.188	17
777.204	8
777.220	12
777.236	13
777.252	16
777.267	16
777.283	13
777.299	12
777.315	27
777.331	32
777.347	22
777.362	18
777.378	27
777.394	19
777.410	24
777.426	9
777.442	15
777.457	14
777.473	9
777.489	11
777.505	13
777.521	9
777.537	7
777.552	15
777.568	9
777.584	10
777.600	15
777.616	15
777.632	9
777.647	12
777.663	8
777.679	11
777.695	7
777.711	9
777.726	26
777.742	15
777.758	24
777.774	31
777.790	19
777.806	22
777.821	14
777.837	8
777.853	14
777.869	25
777.885	32
777.900	16
777.916	12
777.932	16
777.948	16
777.964	17
777.979	15
777.995	16
778.011	12
778.027	13
778.042	13
778.058	6
778.074	15
778.090	10
778.106	11
778.121	17
778.137	10
778.153	13
778.169	18
778.185	11
778.200	10
778.216	7
778.232	15
778.248	19
778.263	11
778.279	13
778.295	1
778.311	12
778.327	12
778.342	9
778.358	16
778.374	15
778.390	15
778.405	11
778.421	23
778.437	10
778.453	12
778.468	12
778.484	3
778.500	6
778.516	11
778.531	4
778.547	16
778.563	16
778.579	13
778.594	16
778.610	13
778.626	14
778.642	2
778.658	12
778.673	8
778.689	12
778.705	14
778.720	13
778.736	23
778.752	14
778.768	11
778.783	15
778.799	16
778.815	11
778.831	16
778.846	9
778.862	19
778.878	14
778.894	12
778.909	19
778.925	11
778.941	20
778.957	16
778.972	13
778.988	14
779.004	8
779.019	9
779.035	9
779.051	20
779.067	21
779.082	14
779.098	10
779.114	19
779.129	12
779.145	19
779.161	14
779.177	12
779.192	9
779.208	18
779.224	16
779.239	10
779.255	6
779.271	18
779.287	12
779.302	7
779.318	6
779.334	14
779.349	4
779.365	12
779.381	6
779.396	16
779.412	14
779.428	6
779.444	3
779.459	18
779.475	6
779.491	11
779.506	13
779.522	15
779.538	12
779.553	19
779.569	16
779.585	17
779.600	25
779.616	14
779.632	11
779.647	15
779.663	12
779.679	19
779.695	13
779.710	7
779.726	5
779.742	15
779.757	16
779.773	18
779.789	12
779.804	11
779.820	18
779.836	20
779.851	11
779.867	6
779.883	11
779.898	16
779.914	12
779.930	12
779.945	5
779.961	12
779.977	4
779.992	12
780.008	15
780.023	1
780.039	12
780.055	5
780.070	2
780.086	12
780.102	10
780.117	1
780.133	6
780.149	7
780.164	21
780.180	8
780.196	8
780.211	5
780.227	11
780.243	11
780.258	11
780.274	13
780.289	10
780.305	14
780.321	12
780.336	6
780.352	12
780.368	10
780.383	11
780.399	12
780.414	11
780.430	21
780.446	16
780.461	15
780.477	15
780.493	10
780.508	9
780.524	8
780.539	13
780.555	3
780.571	9
780.586	11
780.602	20
780.618	23
780.633	12
780.649	15
780.664	12
780.680	9
780.696	9
780.711	8
780.727	16
780.742	13
780.758	19
780.774	9
780.789	21
780.805	7
780.820	9
780.836	8
780.852	13
780.867	15
780.883	16
780.898	14
780.914	4
780.930	16
780.945	15
780.961	12
780.976	12
780.992	14
781.008	23
781.023	13
781.039	10
781.054	14
781.070	17
781.085	15
781.101	11
781.117	17
781.132	24
781.148	11
781.163	18
781.179	11
781.194	15
781.210	9
781.226	15
781.241	8
781.257	21
781.272	9
781.288	13
781.303	15
781.319	12
781.335	13
781.350	15
781.366	19
781.381	19
781.397	10
781.412	17
781.428	14
781.443	13
781.459	13
781.475	11
781.490	12
781.506	16
781.521	14
781.537	12
781.552	20
781.568	17
781.583	12
781.599	14
781.614	13
781.630	16
781.646	16
781.661	25
781.677	12
781.692	8
781.708	5
781.723	12
781.739	16
781.754	15
781.770	11
781.785	12
781.801	19
781.816	9
781.832	20
781.848	16
781.863	17
781.879	23
781.894	15
781.910	18
781.925	17
781.941	15
781.956	7
781.972	18
781.987	11
782.003	21
782.018	6
782.034	16
782.049	11
782.065	15
782.080	21
782.096	20
782.111	24
782.127	14
782.142	30
782.158	26
782.173	22
782.189	15
782.204	17
782.220	14
782.235	21
782.251	23
782.266	14
782.282	17
782.297	17
782.313	13
782.328	14
782.344	15
782.359	7
782.375	13
782.390	19
782.406	18
782.421	24
782.437	11
782.452	13
782.468	15
782.483	11
782.499	19
782.514	13
782.530	12
782.545	14
782.561	17
782.576	15
782.592	11
782.607	15
782.622	20
782.638	16
782.653	12
782.669	10
782.684	22
782.700	22
782.715	17
782.731	23
782.746	7
782.762	14
782.777	13
782.793	32
782.808	21
782.824	18
782.839	9
782.854	18
782.870	20
782.885	22
782.901	12
782.916	21
782.932	11
782.947	8
782.963	23
782.978	17
782.993	12
783.009	8
783.024	23
783.040	34
783.055	37
783.071	46
783.086	50
783.102	50
783.117	56
783.132	69
783.148	58
783.163	76
783.179	68
783.194	64
783.210	45
783.225	48
783.240	36
783.256	37
783.271	25
783.287	26
783.302	24
783.318	27
783.333	24
783.348	18
783.364	31
783.379	22
783.395	19
783.410	22
783.426	32
783.441	16
783.456	10
783.472	4
783.487	9
783.503	22
783.518	22
783.533	16
783.549	36
783.564	45
783.580	46
783.595	45
783.610	41
783.626	43
783.641	24
783.657	30
783.672	23
783.687	20
783.703	16
783.718	32
783.734	45
783.749	55
783.764	54
783.780	37
783.795	47
783.811	38
783.826	39
783.841	31
783.857	41
783.872	61
783.888	72
783.903	71
783.918	61
783.934	40
783.949	26
783.964	24
783.980	48
783.995	54
784.011	57
784.026	61
784.041	30
784.057	16
784.072	20
784.087	9
784.103	28
784.118	49
784.134	45
784.149	33
784.164	20
784.180	18
784.195	26
784.210	41
784.226	52
784.241	40
784.256	26
784.272	29
784.287	24
784.302	30
784.318	31
784.333	52
784.349	45
784.364	17
784.379	19
784.395	23
784.410	34
784.425	23
784.441	20
784.456	18
784.471	31
784.487	36
784.502	32
784.517	32
784.533	20
784.548	39
784.563	46
784.579	39
784.594	31
784.609	56
784.625	34
784.640	37
784.655	27
784.671	52
784.686	53
784.701	45
784.717	32
784.732	28
784.747	51
784.763	57
784.778	36
784.793	38
784.809	35
784.824	61
784.839	49
784.854	34
784.870	20
784.885	41
784.900	65
784.916	48
784.931	21
784.946	19
784.962	51
784.977	44
784.992	25
785.008	19
785.023	36
785.038	33
785.053	21
785.069	15
785.084	52
785.099	45
785.115	23
785.130	14
785.145	46
785.161	61
785.176	20
785.191	15
785.206	36
785.222	45
785.237	43
785.252	19
785.268	37
785.283	31
785.298	31
785.313	25
785.329	35
785.344	29
785.359	25
785.375	28
785.390	43
785.405	19
785.420	35
785.436	34
785.451	30
785.466	22
785.481	31
785.497	36
785.512	21
785.527	24
785.543	24
785.558	24
785.573	26
785.588	27
785.604	35
785.619	19
785.634	27
785.649	58
785.665	35
785.680	31
785.695	19
785.710	17
785.726	45
785.741	57
785.756	61
785.771	26
785.787	31
785.802	29
785.817	35
785.832	22
785.848	24
785.863	55
785.878	44
785.893	60
785.909	36
785.924	43
785.939	30
785.954	27
785.970	53
785.985	36
786.000	49
786.015	33
786.030	24
786.046	37
786.061	38
786.076	41
786.091	23
786.107	37
786.122	29
786.137	21
786.152	39
786.168	26
786.183	24
786.198	11
786.213	35
786.228	22
786.244	29
786.259	31
786.274	31
786.289	38
786.304	21
786.320	17
786.335	25
786.350	20
786.365	27
786.381	23
786.396	28
786.411	40
786.426	21
786.441	57
786.457	23
786.472	33
786.487	43
786.502	21
786.517	27
786.533	25
786.548	26
786.563	20
786.578	20
786.593	23
786.608	36
786.624	45
786.639	36
786.654	23
786.669	48
786.684	25
786.700	34
786.715	48
786.730	34
786.745	44
786.760	37
786.775	25
786.791	41
786.806	31
786.821	22
786.836	16
786.851	26
786.867	23
786.882	27
786.897	25
786.912	21
786.927	30
786.942	18
786.958	30
786.973	31
786.988	11
787.003	28
787.018	18
787.033	15
787.049	18
787.064	14
787.079	33
787.094	34
787.109	23
787.124	21
787.139	14
787.155	25
787.170	32
787.185	26
787.200	25
787.215	23
787.230	10
787.245	16
787.261	18
787.276	20
787.291	19
787.306	26
787.321	33
787.336	26
787.351	26
787.367	32
787.382	21
787.397	7
787.412	12
787.427	16
787.442	17
787.457	21
787.472	15
787.488	26
787.503	12
787.518	14
787.533	18
787.548	14
787.563	21
787.578	34
787.593	32
787.609	44
787.624	36
787.639	28
787.654	18
787.669	15
787.684	18
787.699	35
787.714	43
787.730	61
787.745	71
787.760	85
787.775	88
787.790	90
787.805	62
787.820	43
787.835	38
787.850	46
787.865	47
