771.850	3
771.866	6
771.883	-2
771.899	-2
771.915	7
771.931	6
771.947	6
771.964	9
771.980	2
771.996	4
772.012	2
772.028	4
772.045	1
772.061	1
772.077	-1
772.093	5
772.109	8
772.126	6
772.142	3
772.158	6
772.174	3
772.190	4
772.206	10
772.223	2
772.239	1
772.255	2
772.271	10
772.287	5
772.304	7
772.320	-3
772.336	8
772.352	7
772.368	7
772.384	4
772.401	5
772.417	7
772.433	8
772.449	2
772.465	9
772.482	11
772.498	3
772.514	-2
772.530	6
772.546	8
772.562	10
772.579	4
772.595	6
772.611	6
772.627	6
772.643	-2
772.659	-4
772.675	8
772.692	-6
772.708	-2
772.724	5
772.740	1
772.756	2
772.772	3
772.789	0
772.805	7
772.821	5
772.837	5
772.853	8
772.869	-1
772.885	1
772.902	-1
772.918	1
772.934	13
772.950	-1
772.966	8
772.982	7
772.998	5
773.015	-5
773.031	-2
773.047	1
773.063	8
773.079	2
773.095	5
773.111	4
773.127	8
773.144	10
773.160	4
773.176	-1
773.192	4
773.208	0
773.224	6
773.240	-1
773.256	5
773.272	5
773.289	7
773.305	7
773.321	10
773.337	11
773.353	-1
773.369	1
773.385	10
773.401	5
773.417	3
773.434	1
773.450	-5
773.466	8
773.482	6
773.498	0
773.514	2
773.530	5
773.546	13
773.562	0
773.579	8
773.595	3
773.611	5
773.627	11
773.643	9
773.659	5
773.675	-3
773.691	9
773.707	4
773.723	-3
773.739	9
773.755	7
773.772	3
773.788	6
773.804	1
773.820	2
773.836	-5
773.852	7
773.868	0
773.884	2
773.900	16
773.916	10
773.932	1
773.948	1
773.964	12
773.981	-1
773.997	6
774.013	12
774.029	7
774.045	1
774.061	5
774.077	3
774.093	8
774.109	9
774.125	6
774.141	-1
774.157	-5
774.173	-1
774.189	-5
774.205	-3
774.221	6
774.237	5
774.254	3
774.270	6
774.286	7
774.302	2
774.318	8
774.334	-3
774.350	7
774.366	4
774.382	5
774.398	-2
774.414	0
774.430	5
774.446	7
774.462	-2
774.478	0
774.494	10
774.510	10
774.526	5
774.542	2
774.558	3
774.574	3
774.590	-2
774.606	1
774.622	6
774.638	4
774.654	-2
774.670	2
774.686	-4
774.702	0
774.719	9
774.735	7
774.751	-1
774.767	1
774.783	5
774.799	1
774.815	11
774.831	-1
774.847	11
774.863	6
774.879	4
774.895	7
774.911	2
774.927	-4
774.943	5
774.959	5
774.975	6
774.991	8
775.007	9
775.023	10
775.039	0
775.055	4
775.071	0
775.087	0
775.103	8
775.119	5
775.135	1
775.151	6
775.167	3
775.183	11
775.199	10
775.215	10
775.231	-3
775.247	9
775.262	3
775.278	1
775.294	6
775.310	-5
775.326	1
775.342	3
775.358	4
775.374	-1
775.390	4
775.406	4
775.422	6
775.438	6
775.454	9
775.470	2
775.486	-3
775.502	3
775.518	4
775.534	4
775.550	4
775.566	1
775.582	8
775.598	7
775.614	-2
775.630	-1
775.646	5
775.662	8
775.678	4
775.694	3
775.710	4
775.725	5
775.741	6
775.757	-7
775.773	0
775.789	4
775.805	10
775.821	2
775.837	-6
775.853	-6
775.869	0
775.885	3
775.901	2
775.917	13
775.933	7
775.949	4
775.965	12
775.981	1
775.996	4
776.012	6
776.028	6
776.044	-4
776.060	7
776.076	-2
776.092	4
776.108	-1
776.124	5
776.140	8
776.156	5
776.172	4
776.188	-2
776.203	0
776.219	0
776.235	11
776.251	4
776.267	-3
776.283	3
776.299	3
776.315	12
776.331	4
776.347	-3
776.363	2
776.378	6
776.394	4
776.410	5
776.426	-1
776.442	8
776.458	2
776.474	5
776.490	0
776.506	5
776.522	6
776.537	4
776.553	5
776.569	9
776.585	0
776.601	5
776.617	3
776.633	2
776.649	4
776.665	6
776.680	-7
776.696	2
776.712	11
776.728	5
776.744	5
776.760	11
776.776	-2
776.792	0
776.808	5
776.823	7
776.839	1
776.855	1
776.871	1
776.887	4
776.903	1
776.919	5
776.934	5
776.950	3
776.966	7
776.982	3
776.998	3
777.014	5
777.030	9
777.046	2
777.061	4
777.077	13
777.093	2
777.109	1
777.125	0
777.141	9
777.157	3
777.172	-2
777.188	1
777.204	12
777.220	12
777.236	-1
777.252	-1
777.267	9
777.283	1
777.299	-3
777.315	15
777.331	10
777.347	10
777.362	5
777.378	10
777.394	4
777.410	5
777.426	7
777.442	4
777.457	2
777.473	0
777.489	10
777.505	7
777.521	3
777.537	-1
777.552	9
777.568	6
777.584	0
777.600	3
777.616	0
777.632	5
777.647	5
777.663	1
777.679	1
777.695	-1
777.711	-1
777.726	0
777.742	0
777.758	4
777.774	11
777.790	9
777.806	8
777.821	-1
777.837	-4
777.853	3
777.869	5
777.885	12
777.900	5
777.916	2
777.932	9
777.948	-1
777.964	12
777.979	3
777.995	9
778.011	-2
778.027	-1
778.042	4
778.058	4
778.074	10
778.090	3
778.106	-1
778.121	2
778.137	6
778.153	6
778.169	2
778.185	-2
778.200	0
778.216	1
778.232	5
778.248	5
778.263	1
778.279	-4
778.295	-2
778.311	1
778.327	6
778.342	-3
778.358	6
778.374	-1
778.390	5
778.405	5
778.421	12
778.437	9
778.453	6
778.468	5
778.484	-3
778.500	4
778.516	4
778.531	0
778.547	4
778.563	4
778.579	-2
778.594	6
778.610	3
778.626	6
778.642	6
778.658	6
778.673	3
778.689	5
778.705	7
778.720	-3
778.736	6
778.752	5
778.768	-5
778.783	3
778.799	7
778.815	0
778.831	6
778.846	8
778.862	8
778.878	4
778.894	-2
778.909	9
778.925	5
778.941	7
778.957	6
778.972	2
778.988	9
779.004	3
779.019	6
779.035	-5
779.051	9
779.067	13
779.082	4
779.098	5
779.114	7
779.129	2
779.145	16
779.161	7
779.177	3
779.192	3
779.208	9
779.224	3
779.239	2
779.255	0
779.271	10
779.287	5
779.302	0
779.318	2
779.334	2
779.349	-6
779.365	-2
779.381	-4
779.396	4
779.412	4
779.428	-2
779.444	-2
779.459	10
779.475	3
779.491	2
779.506	-3
779.522	4
779.538	5
779.553	9
779.569	1
779.585	-1
779.600	7
779.616	2
779.632	0
779.647	7
779.663	4
779.679	8
779.695	6
779.710	-1
779.726	2
779.742	9
779.757	-1
779.773	14
779.789	5
779.804	8
779.820	11
779.836	9
779.851	3
779.867	-1
779.883	4
779.898	2
779.914	2
779.930	1
779.945	-2
779.961	4
779.977	2
779.992	2
780.008	7
780.023	-3
780.039	7
780.055	3
780.070	-11
780.086	2
780.102	1
780.117	1
780.133	-3
780.149	1
780.164	5
780.180	-9
780.196	6
780.211	-9
780.227	1
780.243	1
780.258	9
780.274	4
780.289	10
780.305	8
780.321	3
780.336	4
780.352	-2
780.368	-5
780.383	0
780.399	3
780.414	8
780.430	1
780.446	10
780.461	3
780.477	-3
780.493	-2
780.508	5
780.524	3
780.539	5
780.555	-6
780.571	8
780.586	5
780.602	7
780.618	14
780.633	2
780.649	12
780.664	-1
780.680	2
780.696	2
780.711	2
780.727	3
780.742	2
780.758	8
780.774	3
780.789	6
780.805	0
780.820	4
780.836	9
780.852	1
780.867	7
780.883	7
780.898	9
780.914	0
780.930	-1
780.945	0
780.961	2
780.976	5
780.992	-3
781.008	12
781.023	-3
781.039	3
781.054	3
781.070	6
781.085	6
781.101	-6
781.117	4
781.132	7
781.148	-1
781.163	2
781.179	3
781.194	2
781.210	3
781.226	6
781.241	-4
781.257	-3
781.272	2
781.288	-2
781.303	4
781.319	4
781.335	0
781.350	7
781.366	12
781.381	7
781.397	7
781.412	6
781.428	6
781.443	6
781.459	-4
781.475	-1
781.490	1
781.506	6
781.521	6
781.537	4
781.552	4
781.568	1
781.583	3
781.599	3
781.614	7
781.630	3
781.646	7
781.661	8
781.677	4
781.692	3
781.708	-1
781.723	8
781.739	6
781.754	3
781.770	6
781.785	-2
781.801	4
781.816	2
781.832	10
781.848	1
781.863	4
781.879	10
781.894	1
781.910	4
781.925	6
781.941	-1
781.956	-1
781.972	9
781.987	-4
782.003	2
782.018	-2
782.034	5
782.049	-4
782.065	4
782.080	3
782.096	6
782.111	7
782.127	4
782.142	7
782.158	10
782.173	11
782.189	1
782.204	5
782.220	1
782.235	4
782.251	10
782.266	5
782.282	6
782.297	1
782.313	5
782.328	4
782.344	8
782.359	0
782.375	1
782.390	4
782.406	5
782.421	2
782.437	10
782.452	4
782.468	2
782.483	5
782.499	4
782.514	-4
782.530	5
782.545	11
782.561	3
782.576	4
782.592	7
782.607	6
782.622	9
782.638	3
782.653	3
782.669	-4
782.684	12
782.700	3
782.715	1
782.731	17
782.746	4
782.762	0
782.777	7
782.793	10
782.808	0
782.824	11
782.839	7
782.854	11
782.870	3
782.885	8
782.901	5
782.916	8
782.932	-1
782.947	5
782.963	3
782.978	2
782.993	6
783.009	3
783.024	14
783.040	12
783.055	11
783.071	17
783.086	18
783.102	18
783.117	16
783.132	19
783.148	19
783.163	20
783.179	17
783.194	15
783.210	16
783.225	11
783.240	12
783.256	11
783.271	4
783.287	2
783.302	3
783.318	12
783.333	9
783.348	6
783.364	7
783.379	7
783.395	7
783.410	-3
783.426	9
783.441	2
783.456	7
783.472	3
783.487	4
783.503	14
783.518	5
783.533	4
783.549	13
783.564	14
783.580	14
783.595	18
783.610	8
783.626	19
783.641	6
783.657	2
783.672	4
783.687	6
783.703	11
783.718	13
783.734	14
783.749	20
783.764	14
783.780	9
783.795	16
783.811	11
783.826	15
783.841	9
783.857	11
783.872	15
783.888	20
783.903	25
783.918	14
783.934	10
783.949	13
783.964	6
783.980	16
783.995	19
784.011	24
784.026	16
784.041	7
784.057	7
784.072	1
784.087	6
784.103	14
784.118	16
784.134	10
784.149	5
784.164	8
784.180	4
784.195	0
784.210	14
784.226	13
784.241	10
784.256	7
784.272	14
784.287	8
784.302	3
784.318	7
784.333	15
784.349	14
784.364	1
784.379	4
784.395	7
784.410	4
784.425	12
784.441	11
784.456	12
784.471	15
784.487	12
784.502	19
784.517	8
784.533	0
784.548	17
784.563	16
784.579	9
784.594	10
784.609	11
784.625	8
784.640	1
784.655	9
784.671	23
784.686	21
784.701	16
784.717	3
784.732	7
784.747	12
784.763	17
784.778	15
784.793	17
784.809	11
784.824	10
784.839	16
784.854	11
784.870	8
784.885	7
784.900	19
784.916	15
784.931	10
784.946	8
784.962	13
784.977	7
784.992	4
785.008	4
785.023	15
785.038	7
785.053	6
785.069	6
785.084	14
785.099	9
785.115	8
785.130	1
785.145	17
785.161	22
785.176	12
785.191	1
785.206	12
785.222	10
785.237	13
785.252	2
785.268	24
785.283	4
785.298	16
785.313	12
785.329	10
785.344	5
785.359	14
785.375	11
785.390	12
785.405	6
785.420	14
785.436	4
785.451	9
785.466	8
785.481	14
785.497	13
785.512	6
785.527	3
785.543	2
785.558	8
785.573	-1
785.588	11
785.604	16
785.619	6
785.634	5
785.649	13
785.665	4
785.680	5
785.695	2
785.710	6
785.726	12
785.741	10
785.756	14
785.771	9
785.787	10
785.802	11
785.817	11
785.832	5
785.848	6
785.863	12
785.878	14
785.893	17
785.909	8
785.924	17
785.939	12
785.954	5
785.970	10
785.985	9
786.000	19
786.015	9
786.030	12
786.046	16
786.061	6
786.076	13
786.091	8
786.107	13
786.122	3
786.137	10
786.152	12
786.168	4
786.183	11
786.198	-2
786.213	14
786.228	3
786.244	8
786.259	6
786.274	16
786.289	11
786.304	9
786.320	2
786.335	13
786.350	11
786.365	18
786.381	6
786.396	6
786.411	10
786.426	3
786.441	22
786.457	1
786.472	8
786.487	8
786.502	4
786.517	7
786.533	8
786.548	19
786.563	5
786.578	0
786.593	4
786.608	7
786.624	8
786.639	8
786.654	10
786.669	13
786.684	1
786.700	3
786.715	13
786.730	7
786.745	9
786.760	9
786.775	4
786.791	8
786.806	1
786.821	1
786.836	7
786.851	6
786.867	2
786.882	7
786.897	6
786.912	9
786.927	12
786.942	6
786.958	13
786.973	8
786.988	7
787.003	7
787.018	10
787.033	0
787.049	4
787.064	0
787.079	6
787.094	13
787.109	4
787.124	5
787.139	-2
787.155	9
787.170	7
787.185	10
787.200	4
787.215	3
787.230	-3
787.245	9
787.261	1
787.276	9
787.291	5
787.306	9
787.321	4
787.336	4
787.351	3
787.367	11
787.382	4
787.397	-1
787.412	11
787.427	0
787.442	4
787.457	1
787.472	3
787.488	8
787.503	6
787.518	1
787.533	4
787.548	0
787.563	5
787.578	8
787.593	12
787.609	17
787.624	10
787.639	7
787.654	12
787.669	6
787.684	7
787.699	17
787.714	11
787.730	11
787.745	9
787.760	25
787.775	17
787.790	22
787.805	15
787.820	13
787.835	-1
787.850	25
787.865	9
