771.850	14
771.866	19
771.883	18
771.899	14
771.915	24
771.931	17
771.947	17
771.964	22
771.980	20
771.996	18
772.012	12
772.028	16
772.045	14
772.061	22
772.077	13
772.093	23
772.109	18
772.126	17
772.142	13
772.158	23
772.174	17
772.190	12
772.206	18
772.223	22
772.239	19
772.255	13
772.271	25
772.287	15
772.304	18
772.320	1
772.336	23
772.352	13
772.368	20
772.384	17
772.401	14
772.417	15
772.433	15
772.449	17
772.465	17
772.482	12
772.498	8
772.514	14
772.530	19
772.546	22
772.562	19
772.579	24
772.595	11
772.611	18
772.627	17
772.643	17
772.659	13
772.675	13
772.692	15
772.708	10
772.724	15
772.740	13
772.756	13
772.772	17
772.789	16
772.805	14
772.821	12
772.837	9
772.853	18
772.869	17
772.885	10
772.902	13
772.918	14
772.934	16
772.950	17
772.966	18
772.982	22
772.998	23
773.015	10
773.031	14
773.047	22
773.063	21
773.079	14
773.095	18
773.111	18
773.127	19
773.144	20
773.160	21
773.176	16
773.192	13
773.208	15
773.224	19
773.240	15
773.256	18
773.272	19
773.289	20
773.305	15
773.321	19
773.337	18
773.353	7
773.369	15
773.385	16
773.401	21
773.417	17
773.434	19
773.450	9
773.466	22
773.482	20
773.498	18
773.514	12
773.530	11
773.546	19
773.562	20
773.579	21
773.595	17
773.611	16
773.627	21
773.643	18
773.659	17
773.675	15
773.691	18
773.707	14
773.723	17
773.739	24
773.755	28
773.772	18
773.788	19
773.804	25
773.820	20
773.836	12
773.852	20
773.868	15
773.884	21
773.900	27
773.916	16
773.932	17
773.948	21
773.964	20
773.981	13
773.997	25
774.013	25
774.029	8
774.045	24
774.061	22
774.077	21
774.093	31
774.109	22
774.125	10
774.141	22
774.157	10
774.173	20
774.189	20
774.205	15
774.221	14
774.237	19
774.254	6
774.270	17
774.286	23
774.302	18
774.318	24
774.334	21
774.350	20
774.366	13
774.382	19
774.398	10
774.414	16
774.430	18
774.446	13
774.462	11
774.478	23
774.494	16
774.510	25
774.526	16
774.542	12
774.558	20
774.574	15
774.590	14
774.606	9
774.622	18
774.638	21
774.654	9
774.670	15
774.686	11
774.702	17
774.719	11
774.735	14
774.751	17
774.767	6
774.783	13
774.799	10
774.815	19
774.831	17
774.847	24
774.863	17
774.879	13
774.895	13
774.911	11
774.927	15
774.943	22
774.959	23
774.975	21
774.991	13
775.007	28
775.023	15
775.039	16
775.055	21
775.071	15
775.087	10
775.103	22
775.119	18
775.135	16
775.151	13
775.167	17
775.183	26
775.199	21
775.215	25
775.231	14
775.247	18
775.262	18
775.278	15
775.294	16
775.310	20
775.326	17
775.342	16
775.358	19
775.374	14
775.390	12
775.406	18
775.422	15
775.438	23
775.454	25
775.470	13
775.486	10
775.502	19
775.518	14
775.534	16
775.550	22
775.566	14
775.582	12
775.598	22
775.614	16
775.630	10
775.646	20
775.662	19
775.678	9
775.694	16
775.710	17
775.725	18
775.741	15
775.757	12
775.773	14
775.789	22
775.805	24
775.821	13
775.837	11
775.853	9
775.869	16
775.885	14
775.901	15
775.917	17
775.933	19
775.949	14
775.965	25
775.981	13
775.996	17
776.012	17
776.028	28
776.044	15
776.060	19
776.076	15
776.092	20
776.108	12
776.124	18
776.140	20
776.156	22
776.172	16
776.188	14
776.203	18
776.219	17
776.235	26
776.251	17
776.267	19
776.283	18
776.299	18
776.315	17
776.331	24
776.347	12
776.363	12
776.378	14
776.394	24
776.410	19
776.426	16
776.442	20
776.458	12
776.474	21
776.490	20
776.506	19
776.522	23
776.537	15
776.553	20
776.569	19
776.585	14
776.601	19
776.617	15
776.633	14
776.649	10
776.665	19
776.680	10
776.696	0
776.712	27
776.728	18
776.744	18
776.760	24
776.776	22
776.792	20
776.808	16
776.823	19
776.839	12
776.855	19
776.871	17
776.887	16
776.903	30
776.919	24
776.934	21
776.950	14
776.966	20
776.982	17
776.998	14
777.014	19
777.030	27
777.046	15
777.061	9
777.077	17
777.093	10
777.109	27
777.125	18
777.141	21
777.157	21
777.172	17
777.188	25
777.204	18
777.220	22
777.236	14
777.252	16
777.267	24
777.283	21
777.299	20
777.315	34
777.331	23
777.347	18
777.362	17
777.378	20
777.394	18
777.410	22
777.426	22
777.442	20
777.457	16
777.473	10
777.489	21
777.505	27
777.521	10
777.537	20
777.552	21
777.568	20
777.584	25
777.600	18
777.616	14
777.632	18
777.647	17
777.663	13
777.679	15
777.695	18
777.711	24
777.726	15
777.742	14
777.758	21
777.774	27
777.790	21
777.806	21
777.821	20
777.837	12
777.853	17
777.869	22
777.885	29
777.900	19
777.916	15
777.932	30
777.948	17
777.964	23
777.979	22
777.995	27
778.011	20
778.027	14
778.042	24
778.058	19
778.074	26
778.090	23
778.106	14
778.121	20
778.137	19
778.153	17
778.169	23
778.185	16
778.200	6
778.216	15
778.232	23
778.248	22
778.263	17
778.279	12
778.295	14
778.311	22
778.327	23
778.342	13
778.358	14
778.374	19
778.390	12
778.405	14
778.421	23
778.437	21
778.453	16
778.468	24
778.484	12
778.500	17
778.516	21
778.531	5
778.547	15
778.563	20
778.579	16
778.594	19
778.610	19
778.626	24
778.642	17
778.658	12
778.673	22
778.689	16
778.705	19
778.720	11
778.736	15
778.752	11
778.768	12
778.783	11
778.799	13
778.815	18
778.831	18
778.846	17
778.862	9
778.878	17
778.894	18
778.909	15
778.925	27
778.941	23
778.957	17
778.972	9
778.988	15
779.004	23
779.019	14
779.035	17
779.051	29
779.067	25
779.082	16
779.098	12
779.114	19
779.129	13
779.145	22
779.161	24
779.177	14
779.192	22
779.208	18
779.224	12
779.239	19
779.255	8
779.271	20
779.287	21
779.302	17
779.318	23
779.334	21
779.349	9
779.365	19
779.381	8
779.396	17
779.412	21
779.428	17
779.444	10
779.459	14
779.475	12
779.491	17
779.506	9
779.522	21
779.538	14
779.553	21
779.569	16
779.585	22
779.600	16
779.616	12
779.632	15
779.647	12
779.663	16
779.679	21
779.695	16
779.710	17
779.726	10
779.742	11
779.757	16
779.773	22
779.789	21
779.804	22
779.820	20
779.836	30
779.851	13
779.867	11
779.883	16
779.898	15
779.914	18
779.930	9
779.945	11
779.961	11
779.977	7
779.992	17
780.008	21
780.023	10
780.039	22
780.055	13
780.070	8
780.086	11
780.102	6
780.117	10
780.133	8
780.149	24
780.164	15
780.180	7
780.196	11
780.211	7
780.227	13
780.243	13
780.258	19
780.274	15
780.289	16
780.305	18
780.321	20
780.336	9
780.352	14
780.368	13
780.383	9
780.399	21
780.414	16
780.430	17
780.446	16
780.461	16
780.477	13
780.493	13
780.508	15
780.524	11
780.539	19
780.555	8
780.571	15
780.586	11
780.602	22
780.618	29
780.633	11
780.649	19
780.664	16
780.680	11
780.696	14
780.711	9
780.727	21
780.742	15
780.758	26
780.774	20
780.789	14
780.805	11
780.820	13
780.836	15
780.852	14
780.867	18
780.883	22
780.898	17
780.914	15
780.930	18
780.945	15
780.961	19
780.976	23
780.992	7
781.008	27
781.023	10
781.039	11
781.054	14
781.070	18
781.085	21
781.101	12
781.117	24
781.132	22
781.148	17
781.163	23
781.179	17
781.194	23
781.210	15
781.226	12
781.241	13
781.257	10
781.272	15
781.288	21
781.303	22
781.319	17
781.335	15
781.350	17
781.366	21
781.381	26
781.397	25
781.412	22
781.428	21
781.443	14
781.459	15
781.475	17
781.490	10
781.506	16
781.521	25
781.537	15
781.552	25
781.568	15
781.583	23
781.599	18
781.614	18
781.630	19
781.646	14
781.661	21
781.677	19
781.692	22
781.708	25
781.723	18
781.739	17
781.754	19
781.770	20
781.785	17
781.801	23
781.816	15
781.832	29
781.848	20
781.863	20
781.879	20
781.894	17
781.910	22
781.925	14
781.941	26
781.956	13
781.972	20
781.987	18
782.003	18
782.018	14
782.034	21
782.049	21
782.065	30
782.080	18
782.096	21
782.111	23
782.127	22
782.142	21
782.158	15
782.173	21
782.189	17
782.204	19
782.220	16
782.235	23
782.251	33
782.266	19
782.282	26
782.297	17
782.313	22
782.328	28
782.344	27
782.359	28
782.375	26
782.390	23
782.406	25
782.421	20
782.437	20
782.452	23
782.468	25
782.483	21
782.499	22
782.514	25
782.530	18
782.545	30
782.561	24
782.576	15
782.592	18
782.607	20
782.622	16
782.638	23
782.653	21
782.669	16
782.684	31
782.700	24
782.715	21
782.731	33
782.746	18
782.762	20
782.777	21
782.793	32
782.808	18
782.824	29
782.839	29
782.854	21
782.870	24
782.885	25
782.901	22
782.916	31
782.932	18
782.947	24
782.963	32
782.978	24
782.993	31
783.009	23
783.024	36
783.040	34
783.055	34
783.071	37
783.086	43
783.102	49
783.117	35
783.132	42
783.148	35
783.163	40
783.179	37
783.194	44
783.210	42
783.225	40
783.240	35
783.256	39
783.271	38
783.287	48
783.302	47
783.318	54
783.333	56
783.348	41
783.364	49
783.379	54
783.395	50
783.410	46
783.426	48
783.441	42
783.456	39
783.472	34
783.487	43
783.503	40
783.518	35
783.533	36
783.549	38
783.564	41
783.580	37
783.595	47
783.610	37
783.626	38
783.641	42
783.657	41
783.672	37
783.687	31
783.703	45
783.718	41
783.734	43
783.749	52
783.764	51
783.780	43
783.795	45
783.811	47
783.826	51
783.841	50
783.857	50
783.872	60
783.888	52
783.903	49
783.918	46
783.934	47
783.949	42
783.964	42
783.980	52
783.995	57
784.011	49
784.026	64
784.041	42
784.057	51
784.072	50
784.087	50
784.103	56
784.118	55
784.134	50
784.149	43
784.164	56
784.180	51
784.195	44
784.210	57
784.226	52
784.241	53
784.256	48
784.272	47
784.287	52
784.302	50
784.318	44
784.333	45
784.349	51
784.364	50
784.379	56
784.395	40
784.410	44
784.425	48
784.441	43
784.456	42
784.471	48
784.487	41
784.502	54
784.517	51
784.533	47
784.548	45
784.563	42
784.579	50
784.594	48
784.609	40
784.625	39
784.640	33
784.655	41
784.671	50
784.686	53
784.701	47
784.717	41
784.732	41
784.747	48
784.763	46
784.778	47
784.793	53
784.809	49
784.824	40
784.839	56
784.854	43
784.870	56
784.885	51
784.900	56
784.916	40
784.931	47
784.946	37
784.962	41
784.977	52
784.992	51
785.008	46
785.023	53
785.038	52
785.053	47
785.069	48
785.084	41
785.099	43
785.115	61
785.130	40
785.145	46
785.161	55
785.176	52
785.191	37
785.206	37
785.222	45
785.237	48
785.252	40
785.268	49
785.283	48
785.298	43
785.313	41
785.329	39
785.344	29
785.359	52
785.375	37
785.390	39
785.405	48
785.420	49
785.436	37
785.451	42
785.466	37
785.481	44
785.497	42
785.512	38
785.527	36
785.543	37
785.558	40
785.573	42
785.588	36
785.604	45
785.619	42
785.634	47
785.649	51
785.665	45
785.680	49
785.695	38
785.710	39
785.726	46
785.741	32
785.756	43
785.771	34
785.787	38
785.802	47
785.817	35
785.832	49
785.848	43
785.863	43
785.878	41
785.893	42
785.909	32
785.924	45
785.939	48
785.954	48
785.970	50
785.985	47
786.000	52
786.015	46
786.030	51
786.046	42
786.061	41
786.076	38
786.091	39
786.107	45
786.122	41
786.137	41
786.152	47
786.168	51
786.183	43
786.198	40
786.213	43
786.228	39
786.244	47
786.259	37
786.274	50
786.289	38
786.304	50
786.320	31
786.335	47
786.350	44
786.365	42
786.381	37
786.396	39
786.411	42
786.426	40
786.441	39
786.457	37
786.472	41
786.487	29
786.502	38
786.517	46
786.533	32
786.548	41
786.563	32
786.578	36
786.593	41
786.608	44
786.624	41
786.639	41
786.654	43
786.669	47
786.684	35
786.700	43
786.715	39
786.730	47
786.745	42
786.760	38
786.775	43
786.791	42
786.806	43
786.821	40
786.836	30
786.851	42
786.867	40
786.882	46
786.897	45
786.912	48
786.927	38
786.942	41
786.958	46
786.973	43
786.988	34
787.003	41
787.018	35
787.033	35
787.049	33
787.064	30
787.079	40
787.094	32
787.109	41
787.124	35
787.139	28
787.155	39
787.170	28
787.185	38
787.200	33
787.215	26
787.230	30
787.245	29
787.261	43
787.276	41
787.291	37
787.306	39
787.321	33
787.336	22
787.351	31
787.367	35
787.382	30
787.397	22
787.412	33
787.427	22
787.442	31
787.457	23
787.472	30
787.488	28
787.503	30
787.518	18
787.533	33
787.548	32
787.563	35
787.578	43
787.593	43
787.609	38
787.624	29
787.639	28
787.654	40
787.669	49
787.684	39
787.699	46
787.714	44
787.730	49
787.745	48
787.760	51
787.775	45
787.790	51
787.805	54
787.820	49
787.835	58
787.850	68
787.865	69
