771.850	27
771.866	27
771.883	27
771.899	30
771.915	32
771.931	24
771.947	29
771.964	31
771.980	35
771.996	21
772.012	32
772.028	24
772.045	24
772.061	27
772.077	20
772.093	30
772.109	23
772.126	37
772.142	31
772.158	25
772.174	24
772.190	26
772.206	31
772.223	23
772.239	30
772.255	31
772.271	39
772.287	28
772.304	35
772.320	19
772.336	27
772.352	26
772.368	27
772.384	23
772.401	21
772.417	28
772.433	30
772.449	23
772.465	28
772.482	26
772.498	20
772.514	27
772.530	29
772.546	35
772.562	35
772.579	33
772.595	23
772.611	25
772.627	24
772.643	25
772.659	22
772.675	34
772.692	22
772.708	22
772.724	25
772.740	24
772.756	28
772.772	30
772.789	23
772.805	30
772.821	30
772.837	31
772.853	29
772.869	20
772.885	27
772.902	25
772.918	29
772.934	40
772.950	29
772.966	32
772.982	34
772.998	28
773.015	24
773.031	30
773.047	31
773.063	35
773.079	24
773.095	29
773.111	23
773.127	33
773.144	38
773.160	37
773.176	19
773.192	32
773.208	27
773.224	26
773.240	26
773.256	33
773.272	34
773.289	30
773.305	32
773.321	29
773.337	30
773.353	15
773.369	31
773.385	30
773.401	30
773.417	17
773.434	33
773.450	22
773.466	28
773.482	40
773.498	40
773.514	41
773.530	36
773.546	49
773.562	36
773.579	40
773.595	30
773.611	36
773.627	38
773.643	31
773.659	27
773.675	25
773.691	28
773.707	37
773.723	26
773.739	27
773.755	28
773.772	22
773.788	34
773.804	29
773.820	26
773.836	22
773.852	34
773.868	21
773.884	29
773.900	50
773.916	40
773.932	34
773.948	43
773.964	41
773.981	25
773.997	37
774.013	41
774.029	15
774.045	26
774.061	31
774.077	22
774.093	29
774.109	27
774.125	38
774.141	28
774.157	17
774.173	27
774.189	30
774.205	29
774.221	29
774.237	17
774.254	22
774.270	25
774.286	26
774.302	30
774.318	31
774.334	23
774.350	27
774.366	28
774.382	24
774.398	25
774.414	18
774.430	33
774.446	28
774.462	22
774.478	34
774.494	34
774.510	30
774.526	28
774.542	29
774.558	33
774.574	19
774.590	14
774.606	28
774.622	29
774.638	23
774.654	16
774.670	32
774.686	19
774.702	24
774.719	23
774.735	20
774.751	31
774.767	27
774.783	21
774.799	33
774.815	24
774.831	31
774.847	32
774.863	31
774.879	24
774.895	31
774.911	30
774.927	27
774.943	31
774.959	21
774.975	30
774.991	29
775.007	34
775.023	25
775.039	27
775.055	30
775.071	32
775.087	25
775.103	28
775.119	43
775.135	27
775.151	28
775.167	27
775.183	38
775.199	36
775.215	32
775.231	20
775.247	27
775.262	31
775.278	28
775.294	27
775.310	27
775.326	26
775.342	25
775.358	30
775.374	17
775.390	17
775.406	31
775.422	33
775.438	43
775.454	36
775.470	28
775.486	29
775.502	34
775.518	27
775.534	43
775.550	30
775.566	31
775.582	26
775.598	27
775.614	23
775.630	34
775.646	34
775.662	35
775.678	23
775.694	28
775.710	20
775.725	28
775.741	29
775.757	15
775.773	24
775.789	35
775.805	37
775.821	21
775.837	19
775.853	15
775.869	22
775.885	30
775.901	22
775.917	20
775.933	30
775.949	21
775.965	30
775.981	22
775.996	23
776.012	32
776.028	28
776.044	24
776.060	20
776.076	28
776.092	25
776.108	21
776.124	24
776.140	23
776.156	44
776.172	22
776.188	18
776.203	27
776.219	33
776.235	35
776.251	32
776.267	22
776.283	26
776.299	32
776.315	31
776.331	35
776.347	37
776.363	35
776.378	35
776.394	26
776.410	26
776.426	16
776.442	27
776.458	19
776.474	25
776.490	28
776.506	28
776.522	30
776.537	20
776.553	22
776.569	27
776.585	30
776.601	31
776.617	24
776.633	23
776.649	15
776.665	27
776.680	29
776.696	22
776.712	33
776.728	26
776.744	32
776.760	37
776.776	24
776.792	19
776.808	27
776.823	32
776.839	34
776.855	30
776.871	24
776.887	33
776.903	36
776.919	39
776.934	33
776.950	31
776.966	39
776.982	23
776.998	14
777.014	21
777.030	30
777.046	29
777.061	29
777.077	29
777.093	28
777.109	32
777.125	23
777.141	31
777.157	30
777.172	35
777.188	36
777.204	27
777.220	40
777.236	41
777.252	37
777.267	36
777.283	24
777.299	25
777.315	52
777.331	63
777.347	49
777.362	37
777.378	44
777.394	51
777.410	43
777.426	23
777.442	34
777.457	32
777.473	20
777.489	29
777.505	31
777.521	24
777.537	34
777.552	35
777.568	26
777.584	19
777.600	40
777.616	30
777.632	28
777.647	26
777.663	25
777.679	31
777.695	20
777.711	37
777.726	41
777.742	46
777.758	57
777.774	52
777.790	40
777.806	41
777.821	29
777.837	25
777.853	29
777.869	39
777.885	42
777.900	44
777.916	23
777.932	35
777.948	34
777.964	40
777.979	38
777.995	34
778.011	21
778.027	29
778.042	25
778.058	16
778.074	21
778.090	28
778.106	28
778.121	31
778.137	34
778.153	20
778.169	19
778.185	32
778.200	27
778.216	18
778.232	21
778.248	34
778.263	36
778.279	22
778.295	11
778.311	27
778.327	31
778.342	19
778.358	29
778.374	28
778.390	27
778.405	27
778.421	35
778.437	34
778.453	34
778.468	26
778.484	17
778.500	16
778.516	25
778.531	15
778.547	20
778.563	28
778.579	28
778.594	36
778.610	34
778.626	25
778.642	18
778.658	17
778.673	20
778.689	23
778.705	27
778.720	12
778.736	25
778.752	23
778.768	19
778.783	27
778.799	37
778.815	32
778.831	29
778.846	20
778.862	33
778.878	38
778.894	30
778.909	29
778.925	26
778.941	31
778.957	32
778.972	27
778.988	33
779.004	18
779.019	29
779.035	18
779.051	32
779.067	36
779.082	38
779.098	27
779.114	28
779.129	21
779.145	31
779.161	31
779.177	25
779.192	21
779.208	38
779.224	31
779.239	32
779.255	19
779.271	29
779.287	31
779.302	22
779.318	19
779.334	25
779.349	24
779.365	24
779.381	23
779.396	21
779.412	26
779.428	15
779.444	17
779.459	25
779.475	21
779.491	20
779.506	20
779.522	31
779.538	23
779.553	23
779.569	17
779.585	28
779.600	35
779.616	20
779.632	24
779.647	29
779.663	29
779.679	24
779.695	33
779.710	21
779.726	17
779.742	31
779.757	32
779.773	37
779.789	26
779.804	29
779.820	37
779.836	38
779.851	20
779.867	27
779.883	19
779.898	27
779.914	28
779.930	27
779.945	17
779.961	19
779.977	28
779.992	28
780.008	18
780.023	15
780.039	18
780.055	26
780.070	14
780.086	16
780.102	20
780.117	14
780.133	18
780.149	22
780.164	28
780.180	15
780.196	16
780.211	12
780.227	24
780.243	30
780.258	30
780.274	23
780.289	28
780.305	24
780.321	20
780.336	25
780.352	22
780.368	16
780.383	20
780.399	22
780.414	28
780.430	24
780.446	23
780.461	24
780.477	26
780.493	25
780.508	29
780.524	19
780.539	24
780.555	21
780.571	24
780.586	33
780.602	32
780.618	48
780.633	22
780.649	33
780.664	21
780.680	21
780.696	26
780.711	28
780.727	36
780.742	27
780.758	37
780.774	29
780.789	31
780.805	19
780.820	20
780.836	27
780.852	25
780.867	31
780.883	31
780.898	34
780.914	24
780.930	33
780.945	30
780.961	31
780.976	18
780.992	22
781.008	32
781.023	24
781.039	15
781.054	31
781.070	31
781.085	27
781.101	22
781.117	25
781.132	33
781.148	19
781.163	37
781.179	26
781.194	27
781.210	24
781.226	19
781.241	26
781.257	22
781.272	21
781.288	29
781.303	35
781.319	32
781.335	17
781.350	32
781.366	42
781.381	25
781.397	36
781.412	34
781.428	31
781.443	30
781.459	21
781.475	28
781.490	39
781.506	20
781.521	25
781.537	29
781.552	33
781.568	19
781.583	25
781.599	22
781.614	24
781.630	28
781.646	31
781.661	44
781.677	34
781.692	28
781.708	19
781.723	45
781.739	26
781.754	23
781.770	27
781.785	23
781.801	32
781.816	23
781.832	40
781.848	27
781.863	40
781.879	33
781.894	28
781.910	37
781.925	37
781.941	27
781.956	25
781.972	28
781.987	27
782.003	31
782.018	28
782.034	30
782.049	23
782.065	44
782.080	45
782.096	54
782.111	55
782.127	53
782.142	61
782.158	55
782.173	46
782.189	35
782.204	36
782.220	41
782.235	33
782.251	38
782.266	44
782.282	45
782.297	45
782.313	38
782.328	28
782.344	28
782.359	22
782.375	33
782.390	33
782.406	29
782.421	38
782.437	29
782.452	33
782.468	42
782.483	30
782.499	43
782.514	21
782.530	20
782.545	31
782.561	31
782.576	31
782.592	24
782.607	38
782.622	31
782.638	24
782.653	35
782.669	30
782.684	46
782.700	54
782.715	44
782.731	44
782.746	36
782.762	34
782.777	35
782.793	65
782.808	40
782.824	36
782.839	29
782.854	38
782.870	40
782.885	48
782.901	31
782.916	34
782.932	37
782.947	28
782.963	34
782.978	31
782.993	40
783.009	36
783.024	54
783.040	78
783.055	90
783.071	98
783.086	98
783.102	117
783.117	130
783.132	153
783.148	141
783.163	150
783.179	136
783.194	112
783.210	104
783.225	85
783.240	81
783.256	74
783.271	59
783.287	49
783.302	44
783.318	56
783.333	38
783.348	54
783.364	58
783.379	56
783.395	56
783.410	53
783.426	71
783.441	37
783.456	25
783.472	29
783.487	27
783.503	31
783.518	44
783.533	44
783.549	74
783.564	88
783.580	102
783.595	115
783.610	104
783.626	80
783.641	57
783.657	55
783.672	47
783.687	38
783.703	49
783.718	77
783.734	98
783.749	102
783.764	107
783.780	79
783.795	85
783.811	62
783.826	69
783.841	85
783.857	89
783.872	122
783.888	148
783.903	146
783.918	155
783.934	98
783.949	46
783.964	55
783.980	86
783.995	134
784.011	122
784.026	118
784.041	67
784.057	51
784.072	41
784.087	34
784.103	72
784.118	98
784.134	107
784.149	76
784.164	44
784.180	39
784.195	53
784.210	113
784.226	114
784.241	86
784.256	78
784.272	65
784.287	50
784.302	59
784.318	90
784.333	107
784.349	86
784.364	47
784.379	36
784.395	55
784.410	84
784.425	56
784.441	38
784.456	30
784.471	62
784.487	91
784.502	90
784.517	60
784.533	49
784.548	75
784.563	90
784.579	84
784.594	73
784.609	96
784.625	93
784.640	75
784.655	71
784.671	105
784.686	109
784.701	99
784.717	67
784.732	70
784.747	112
784.763	109
784.778	80
784.793	64
784.809	89
784.824	118
784.839	128
784.854	63
784.870	53
784.885	96
784.900	132
784.916	99
784.931	50
784.946	51
784.962	111
784.977	86
784.992	54
785.008	51
785.023	82
785.038	87
785.053	40
785.069	42
785.084	96
785.099	95
785.115	59
785.130	36
785.145	86
785.161	119
785.176	38
785.191	43
785.206	77
785.222	92
785.237	67
785.252	41
785.268	74
785.283	60
785.298	56
785.313	54
785.329	107
785.344	58
785.359	48
785.375	54
785.390	79
785.405	56
785.420	82
785.436	70
785.451	61
785.466	59
785.481	75
785.497	81
785.512	51
785.527	56
785.543	60
785.558	45
785.573	69
785.588	74
785.604	62
785.619	45
785.634	46
785.649	101
785.665	80
785.680	51
785.695	40
785.710	56
785.726	101
785.741	111
785.756	118
785.771	59
785.787	70
785.802	70
785.817	72
785.832	52
785.848	56
785.863	128
785.878	106
785.893	120
785.909	84
785.924	102
785.939	47
785.954	60
785.970	85
785.985	73
786.000	100
786.015	74
786.030	58
786.046	64
786.061	77
786.076	83
786.091	58
786.107	80
786.122	61
786.137	44
786.152	74
786.168	44
786.183	53
786.198	41
786.213	73
786.228	60
786.244	58
786.259	80
786.274	61
786.289	65
786.304	52
786.320	44
786.335	36
786.350	52
786.365	55
786.381	39
786.396	85
786.411	64
786.426	53
786.441	101
786.457	55
786.472	56
786.487	98
786.502	51
786.517	46
786.533	58
786.548	64
786.563	33
786.578	55
786.593	70
786.608	61
786.624	85
786.639	88
786.654	57
786.669	90
786.684	65
786.700	65
786.715	107
786.730	88
786.745	75
786.760	82
786.775	36
786.791	72
786.806	75
786.821	47
786.836	55
786.851	72
786.867	57
786.882	77
786.897	63
786.912	57
786.927	57
786.942	48
786.958	62
786.973	66
786.988	32
787.003	54
787.018	57
787.033	34
787.049	52
787.064	39
787.079	63
787.094	66
787.109	36
787.124	44
787.139	42
787.155	61
787.170	63
787.185	45
787.200	55
787.215	32
787.230	33
787.245	38
787.261	38
787.276	38
787.291	58
787.306	56
787.321	73
787.336	55
787.351	46
787.367	56
787.382	33
787.397	21
787.412	40
787.427	34
787.442	39
787.457	52
787.472	45
787.488	43
787.503	36
787.518	24
787.533	35
787.548	30
787.563	34
787.578	66
787.593	66
787.609	76
787.624	74
787.639	48
787.654	37
787.669	40
787.684	45
787.699	72
787.714	106
787.730	138
787.745	188
787.760	221
787.775	196
787.790	196
787.805	152
787.820	125
787.835	104
787.850	103
787.865	107
