771.850	7
771.866	17
771.883	8
771.899	16
771.915	14
771.931	9
771.947	12
771.964	16
771.980	11
771.996	10
772.012	10
772.028	12
772.045	3
772.061	13
772.077	9
772.093	12
772.109	14
772.126	12
772.142	11
772.158	14
772.174	9
772.190	6
772.206	12
772.223	5
772.239	14
772.255	7
772.271	19
772.287	16
772.304	10
772.320	1
772.336	16
772.352	16
772.368	12
772.384	6
772.401	10
772.417	7
772.433	11
772.449	6
772.465	9
772.482	9
772.498	11
772.514	12
772.530	10
772.546	12
772.562	20
772.579	19
772.595	12
772.611	5
772.627	11
772.643	8
772.659	7
772.675	9
772.692	6
772.708	10
772.724	11
772.740	13
772.756	4
772.772	13
772.789	13
772.805	11
772.821	10
772.837	8
772.853	10
772.869	12
772.885	12
772.902	5
772.918	10
772.934	12
772.950	18
772.966	9
772.982	23
772.998	6
773.015	5
773.031	13
773.047	15
773.063	18
773.079	10
773.095	9
773.111	3
773.127	15
773.144	12
773.160	13
773.176	6
773.192	8
773.208	11
773.224	16
773.240	4
773.256	9
773.272	11
773.289	12
773.305	14
773.321	25
773.337	20
773.353	6
773.369	15
773.385	7
773.401	13
773.417	9
773.434	15
773.450	9
773.466	15
773.482	21
773.498	12
773.514	15
773.530	10
773.546	15
773.562	14
773.579	16
773.595	19
773.611	15
773.627	14
773.643	18
773.659	11
773.675	8
773.691	11
773.707	16
773.723	9
773.739	15
773.755	22
773.772	4
773.788	14
773.804	7
773.820	5
773.836	5
773.852	21
773.868	9
773.884	15
773.900	20
773.916	21
773.932	14
773.948	29
773.964	14
773.981	12
773.997	16
774.013	17
774.029	0
774.045	11
774.061	11
774.077	11
774.093	17
774.109	7
774.125	12
774.141	14
774.157	0
774.173	19
774.189	8
774.205	11
774.221	6
774.237	13
774.254	9
774.270	7
774.286	14
774.302	8
774.318	20
774.334	10
774.350	19
774.366	14
774.382	10
774.398	4
774.414	-2
774.430	15
774.446	14
774.462	11
774.478	17
774.494	14
774.510	16
774.526	9
774.542	10
774.558	12
774.574	8
774.590	7
774.606	7
774.622	7
774.638	21
774.654	4
774.670	14
774.686	5
774.702	7
774.719	15
774.735	9
774.751	5
774.767	11
774.783	6
774.799	12
774.815	5
774.831	12
774.847	15
774.863	10
774.879	8
774.895	15
774.911	14
774.927	11
774.943	14
774.959	11
774.975	19
774.991	10
775.007	11
775.023	17
775.039	10
775.055	16
775.071	11
775.087	5
775.103	16
775.119	17
775.135	15
775.151	11
775.167	15
775.183	18
775.199	21
775.215	13
775.231	16
775.247	14
775.262	8
775.278	10
775.294	13
775.310	8
775.326	8
775.342	19
775.358	19
775.374	12
775.390	6
775.406	12
775.422	12
775.438	14
775.454	17
775.470	12
775.486	11
775.502	18
775.518	5
775.534	13
775.550	11
775.566	10
775.582	11
775.598	8
775.614	9
775.630	11
775.646	18
775.662	16
775.678	7
775.694	12
775.710	10
775.725	16
775.741	10
775.757	8
775.773	11
775.789	17
775.805	19
775.821	8
775.837	5
775.853	0
775.869	8
775.885	15
775.901	10
775.917	13
775.933	15
775.949	10
775.965	14
775.981	4
775.996	10
776.012	11
776.028	13
776.044	6
776.060	4
776.076	9
776.092	11
776.108	2
776.124	5
776.140	10
776.156	17
776.172	10
776.188	6
776.203	16
776.219	12
776.235	17
776.251	12
776.267	12
776.283	10
776.299	10
776.315	21
776.331	14
776.347	9
776.363	7
776.378	14
776.394	17
776.410	13
776.426	6
776.442	13
776.458	7
776.474	14
776.490	11
776.506	10
776.522	17
776.537	15
776.553	14
776.569	13
776.585	19
776.601	11
776.617	8
776.633	11
776.649	8
776.665	13
776.680	5
776.696	6
776.712	20
776.728	6
776.744	9
776.760	20
776.776	7
776.792	13
776.808	7
776.823	10
776.839	9
776.855	14
776.871	3
776.887	12
776.903	11
776.919	17
776.934	11
776.950	16
776.966	15
776.982	10
776.998	3
777.014	11
777.030	13
777.046	6
777.061	9
777.077	13
777.093	10
777.109	17
777.125	4
777.141	13
777.157	16
777.172	13
777.188	17
777.204	5
777.220	16
777.236	13
777.252	12
777.267	12
777.283	6
777.299	8
777.315	14
777.331	22
777.347	26
777.362	16
777.378	19
777.394	26
777.410	20
777.426	6
777.442	19
777.457	8
777.473	7
777.489	11
777.505	14
777.521	13
777.537	5
777.552	21
777.568	10
777.584	13
777.600	9
777.616	7
777.632	14
777.647	7
777.663	3
777.679	4
777.695	6
777.711	9
777.726	15
777.742	13
777.758	25
777.774	30
777.790	13
777.806	17
777.821	8
777.837	8
777.853	8
777.869	16
777.885	27
777.900	10
777.916	8
777.932	16
777.948	12
777.964	18
777.979	14
777.995	13
778.011	10
778.027	11
778.042	13
778.058	5
778.074	14
778.090	14
778.106	9
778.121	7
778.137	11
778.153	11
778.169	13
778.185	8
778.200	2
778.216	12
778.232	9
778.248	11
778.263	14
778.279	15
778.295	3
778.311	12
778.327	10
778.342	5
778.358	15
778.374	16
778.390	10
778.405	15
778.421	13
778.437	15
778.453	8
778.468	12
778.484	4
778.500	5
778.516	13
778.531	7
778.547	13
778.563	4
778.579	15
778.594	15
778.610	14
778.626	12
778.642	12
778.658	10
778.673	12
778.689	9
778.705	7
778.720	2
778.736	14
778.752	13
778.768	7
778.783	3
778.799	19
778.815	20
778.831	11
778.846	8
778.862	12
778.878	15
778.894	12
778.909	8
778.925	19
778.941	15
778.957	14
778.972	10
778.988	18
779.004	10
779.019	14
779.035	8
779.051	16
779.067	12
779.082	15
779.098	8
779.114	9
779.129	9
779.145	13
779.161	20
779.177	17
779.192	10
779.208	16
779.224	11
779.239	12
779.255	13
779.271	19
779.287	12
779.302	9
779.318	10
779.334	9
779.349	8
779.365	5
779.381	2
779.396	9
779.412	6
779.428	5
779.444	9
779.459	14
779.475	3
779.491	13
779.506	7
779.522	13
779.538	9
779.553	14
779.569	12
779.585	10
779.600	11
779.616	4
779.632	7
779.647	9
779.663	4
779.679	17
779.695	15
779.710	12
779.726	3
779.742	19
779.757	7
779.773	13
779.789	12
779.804	17
779.820	14
779.836	21
779.851	4
779.867	8
779.883	3
779.898	6
779.914	10
779.930	4
779.945	7
779.961	9
779.977	13
779.992	10
780.008	7
780.023	2
780.039	9
780.055	7
780.070	2
780.086	1
780.102	3
780.117	0
780.133	6
780.149	13
780.164	10
780.180	4
780.196	4
780.211	8
780.227	12
780.243	5
780.258	15
780.274	8
780.289	8
780.305	14
780.321	11
780.336	1
780.352	11
780.368	5
780.383	9
780.399	14
780.414	13
780.430	8
780.446	10
780.461	15
780.477	11
780.493	7
780.508	11
780.524	7
780.539	11
780.555	-2
780.571	9
780.586	7
780.602	20
780.618	22
780.633	6
780.649	16
780.664	8
780.680	6
780.696	14
780.711	8
780.727	15
780.742	5
780.758	15
780.774	16
780.789	10
780.805	7
780.820	7
780.836	9
780.852	8
780.867	9
780.883	19
780.898	9
780.914	7
780.930	8
780.945	9
780.961	10
780.976	9
780.992	7
781.008	14
781.023	8
781.039	6
781.054	13
781.070	12
781.085	17
781.101	1
781.117	19
781.132	10
781.148	10
781.163	11
781.179	11
781.194	13
781.210	9
781.226	6
781.241	6
781.257	5
781.272	6
781.288	11
781.303	13
781.319	9
781.335	9
781.350	16
781.366	22
781.381	13
781.397	16
781.412	17
781.428	15
781.443	12
781.459	12
781.475	12
781.490	11
781.506	10
781.521	6
781.537	10
781.552	18
781.568	9
781.583	12
781.599	15
781.614	7
781.630	10
781.646	11
781.661	20
781.677	15
781.692	8
781.708	10
781.723	13
781.739	17
781.754	6
781.770	5
781.785	10
781.801	18
781.816	8
781.832	19
781.848	14
781.863	16
781.879	17
781.894	12
781.910	10
781.925	13
781.941	15
781.956	13
781.972	17
781.987	11
782.003	13
782.018	5
782.034	10
782.049	6
782.065	19
782.080	20
782.096	24
782.111	21
782.127	15
782.142	24
782.158	23
782.173	19
782.189	12
782.204	18
782.220	15
782.235	12
782.251	17
782.266	20
782.282	21
782.297	17
782.313	16
782.328	13
782.344	19
782.359	8
782.375	12
782.390	9
782.406	6
782.421	15
782.437	17
782.452	9
782.468	19
782.483	19
782.499	14
782.514	7
782.530	7
782.545	13
782.561	19
782.576	11
782.592	8
782.607	20
782.622	16
782.638	6
782.653	11
782.669	4
782.684	21
782.700	19
782.715	14
782.731	20
782.746	12
782.762	16
782.777	15
782.793	30
782.808	16
782.824	19
782.839	4
782.854	12
782.870	12
782.885	16
782.901	17
782.916	15
782.932	12
782.947	10
782.963	9
782.978	25
782.993	14
783.009	17
783.024	22
783.040	29
783.055	38
783.071	38
783.086	39
783.102	57
783.117	58
783.132	74
783.148	48
783.163	62
783.179	63
783.194	52
783.210	52
783.225	26
783.240	29
783.256	32
783.271	17
783.287	22
783.302	15
783.318	30
783.333	29
783.348	11
783.364	27
783.379	27
783.395	21
783.410	19
783.426	34
783.441	17
783.456	11
783.472	7
783.487	15
783.503	18
783.518	20
783.533	19
783.549	26
783.564	33
783.580	50
783.595	40
783.610	44
783.626	43
783.641	29
783.657	16
783.672	29
783.687	13
783.703	19
783.718	31
783.734	38
783.749	47
783.764	51
783.780	26
783.795	42
783.811	26
783.826	35
783.841	24
783.857	33
783.872	53
783.888	66
783.903	69
783.918	59
783.934	34
783.949	19
783.964	20
783.980	42
783.995	49
784.011	53
784.026	56
784.041	29
784.057	15
784.072	9
784.087	10
784.103	31
784.118	44
784.134	46
784.149	29
784.164	23
784.180	18
784.195	16
784.210	38
784.226	43
784.241	42
784.256	27
784.272	23
784.287	19
784.302	23
784.318	42
784.333	52
784.349	39
784.364	22
784.379	16
784.395	18
784.410	30
784.425	19
784.441	17
784.456	12
784.471	25
784.487	31
784.502	32
784.517	24
784.533	22
784.548	34
784.563	46
784.579	39
784.594	30
784.609	43
784.625	32
784.640	29
784.655	31
784.671	46
784.686	43
784.701	41
784.717	28
784.732	29
784.747	49
784.763	46
784.778	37
784.793	29
784.809	37
784.824	41
784.839	47
784.854	28
784.870	26
784.885	39
784.900	51
784.916	49
784.931	22
784.946	17
784.962	52
784.977	45
784.992	15
785.008	12
785.023	34
785.038	34
785.053	18
785.069	10
785.084	47
785.099	41
785.115	24
785.130	8
785.145	36
785.161	50
785.176	16
785.191	14
785.206	29
785.222	32
785.237	36
785.252	16
785.268	30
785.283	23
785.298	25
785.313	22
785.329	41
785.344	20
785.359	25
785.375	24
785.390	32
785.405	24
785.420	43
785.436	23
785.451	29
785.466	23
785.481	27
785.497	37
785.512	22
785.527	21
785.543	25
785.558	16
785.573	21
785.588	26
785.604	23
785.619	16
785.634	14
785.649	45
785.665	29
785.680	23
785.695	13
785.710	22
785.726	35
785.741	38
785.756	55
785.771	27
785.787	26
785.802	24
785.817	28
785.832	21
785.848	16
785.863	51
785.878	38
785.893	48
785.909	27
785.924	53
785.939	37
785.954	34
785.970	35
785.985	29
786.000	48
786.015	36
786.030	25
786.046	29
786.061	26
786.076	42
786.091	22
786.107	34
786.122	21
786.137	15
786.152	33
786.168	23
786.183	23
786.198	13
786.213	36
786.228	19
786.244	27
786.259	26
786.274	28
786.289	32
786.304	30
786.320	23
786.335	26
786.350	17
786.365	22
786.381	20
786.396	37
786.411	36
786.426	17
786.441	40
786.457	16
786.472	26
786.487	35
786.502	27
786.517	21
786.533	20
786.548	24
786.563	12
786.578	18
786.593	21
786.608	22
786.624	34
786.639	39
786.654	32
786.669	34
786.684	20
786.700	26
786.715	40
786.730	35
786.745	29
786.760	36
786.775	21
786.791	22
786.806	29
786.821	14
786.836	14
786.851	25
786.867	16
786.882	33
786.897	31
786.912	12
786.927	23
786.942	19
786.958	25
786.973	25
786.988	11
787.003	23
787.018	20
787.033	11
787.049	21
787.064	12
787.079	35
787.094	24
787.109	11
787.124	20
787.139	14
787.155	30
787.170	25
787.185	15
787.200	20
787.215	15
787.230	5
787.245	12
787.261	13
787.276	24
787.291	17
787.306	24
787.321	27
787.336	27
787.351	19
787.367	28
787.382	21
787.397	10
787.412	15
787.427	9
787.442	18
787.457	19
787.472	20
787.488	14
787.503	13
787.518	18
787.533	12
787.548	8
787.563	7
787.578	25
787.593	33
787.609	29
787.624	27
787.639	20
787.654	22
787.669	19
787.684	17
787.699	36
787.714	41
787.730	53
787.745	75
787.760	80
787.775	82
787.790	71
787.805	51
787.820	43
787.835	48
787.850	47
787.865	40
