771.850	7
771.866	17
771.883	12
771.899	23
771.915	15
771.931	17
771.947	13
771.964	24
771.980	17
771.996	14
772.012	12
772.028	12
772.045	11
772.061	15
772.077	9
772.093	11
772.109	10
772.126	16
772.142	16
772.158	24
772.174	7
772.190	10
772.206	19
772.223	12
772.239	6
772.255	12
772.271	17
772.287	19
772.304	19
772.320	7
772.336	16
772.352	10
772.368	13
772.384	13
772.401	10
772.417	12
772.433	14
772.449	16
772.465	19
772.482	13
772.498	9
772.514	12
772.530	20
772.546	15
772.562	25
772.579	21
772.595	10
772.611	13
772.627	13
772.643	11
772.659	13
772.675	15
772.692	11
772.708	11
772.724	12
772.740	16
772.756	10
772.772	13
772.789	12
772.805	21
772.821	12
772.837	14
772.853	10
772.869	10
772.885	9
772.902	5
772.918	16
772.934	20
772.950	22
772.966	12
772.982	22
772.998	13
773.015	12
773.031	16
773.047	15
773.063	21
773.079	9
773.095	16
773.111	11
773.127	25
773.144	18
773.160	19
773.176	14
773.192	14
773.208	13
773.224	15
773.240	15
773.256	15
773.272	14
773.289	17
773.305	11
773.321	20
773.337	23
773.353	6
773.369	19
773.385	20
773.401	17
773.417	19
773.434	12
773.450	10
773.466	16
773.482	14
773.498	20
773.514	17
773.530	17
773.546	23
773.562	24
773.579	18
773.595	6
773.611	12
773.627	13
773.643	19
773.659	19
773.675	10
773.691	12
773.707	12
773.723	14
773.739	17
773.755	21
773.772	13
773.788	15
773.804	11
773.820	10
773.836	10
773.852	26
773.868	10
773.884	13
773.900	21
773.916	20
773.932	14
773.948	25
773.964	28
773.981	17
773.997	21
774.013	19
774.029	11
774.045	14
774.061	23
774.077	18
774.093	26
774.109	16
774.125	20
774.141	12
774.157	0
774.173	16
774.189	11
774.205	7
774.221	10
774.237	14
774.254	13
774.270	8
774.286	11
774.302	13
774.318	24
774.334	14
774.350	21
774.366	26
774.382	25
774.398	14
774.414	7
774.430	14
774.446	16
774.462	20
774.478	27
774.494	25
774.510	27
774.526	28
774.542	38
774.558	50
774.574	51
774.590	60
774.606	51
774.622	41
774.638	27
774.654	14
774.670	19
774.686	19
774.702	20
774.719	22
774.735	17
774.751	20
774.767	16
774.783	11
774.799	21
774.815	20
774.831	16
774.847	25
774.863	18
774.879	9
774.895	22
774.911	11
774.927	20
774.943	23
774.959	21
774.975	20
774.991	19
775.007	26
775.023	22
775.039	15
775.055	19
775.071	17
775.087	19
775.103	27
775.119	23
775.135	17
775.151	18
775.167	23
775.183	31
775.199	26
775.215	20
775.231	15
775.247	20
775.262	24
775.278	13
775.294	23
775.310	9
775.326	16
775.342	23
775.358	16
775.374	20
775.390	16
775.406	37
775.422	38
775.438	52
775.454	40
775.470	24
775.486	15
775.502	27
775.518	13
775.534	29
775.550	22
775.566	23
775.582	29
775.598	26
775.614	28
775.630	27
775.646	25
775.662	18
775.678	17
775.694	24
775.710	18
775.725	23
775.741	34
775.757	28
775.773	25
775.789	31
775.805	25
775.821	10
775.837	8
775.853	6
775.869	16
775.885	23
775.901	20
775.917	16
775.933	24
775.949	18
775.965	20
775.981	18
775.996	17
776.012	24
776.028	24
776.044	22
776.060	15
776.076	17
776.092	19
776.108	7
776.124	24
776.140	17
776.156	23
776.172	9
776.188	16
776.203	13
776.219	13
776.235	22
776.251	24
776.267	18
776.283	10
776.299	14
776.315	22
776.331	28
776.347	29
776.363	32
776.378	32
776.394	25
776.410	22
776.426	12
776.442	23
776.458	11
776.474	18
776.490	17
776.506	14
776.522	20
776.537	14
776.553	25
776.569	17
776.585	15
776.601	26
776.617	20
776.633	15
776.649	15
776.665	21
776.680	13
776.696	17
776.712	27
776.728	17
776.744	16
776.760	24
776.776	19
776.792	18
776.808	13
776.823	13
776.839	13
776.855	13
776.871	14
776.887	21
776.903	15
776.919	17
776.934	19
776.950	21
776.966	21
776.982	9
776.998	10
777.014	16
777.030	20
777.046	17
777.061	5
777.077	17
777.093	15
777.109	13
777.125	18
777.141	19
777.157	12
777.172	16
777.188	20
777.204	13
777.220	19
777.236	26
777.252	25
777.267	23
777.283	16
777.299	11
777.315	30
777.331	33
777.347	23
777.362	18
777.378	22
777.394	24
777.410	19
777.426	17
777.442	11
777.457	12
777.473	11
777.489	22
777.505	16
777.521	18
777.537	9
777.552	18
777.568	7
777.584	22
777.600	18
777.616	14
777.632	7
777.647	8
777.663	17
777.679	11
777.695	14
777.711	19
777.726	30
777.742	20
777.758	34
777.774	36
777.790	22
777.806	23
777.821	13
777.837	10
777.853	19
777.869	27
777.885	30
777.900	23
777.916	16
777.932	18
777.948	11
777.964	13
777.979	15
777.995	16
778.011	15
778.027	17
778.042	11
778.058	5
778.074	14
778.090	7
778.106	10
778.121	4
778.137	16
778.153	8
778.169	13
778.185	13
778.200	8
778.216	3
778.232	11
778.248	13
778.263	13
778.279	18
778.295	10
778.311	15
778.327	19
778.342	9
778.358	17
778.374	13
778.390	13
778.405	14
778.421	18
778.437	20
778.453	17
778.468	14
778.484	5
778.500	5
778.516	15
778.531	13
778.547	16
778.563	9
778.579	17
778.594	26
778.610	15
778.626	13
778.642	10
778.658	8
778.673	14
778.689	13
778.705	16
778.720	3
778.736	15
778.752	13
778.768	19
778.783	16
778.799	15
778.815	19
778.831	23
778.846	14
778.862	21
778.878	27
778.894	17
778.909	19
778.925	12
778.941	22
778.957	15
778.972	6
778.988	22
779.004	14
779.019	9
779.035	6
779.051	28
779.067	22
779.082	17
779.098	15
779.114	17
779.129	9
779.145	24
779.161	20
779.177	10
779.192	14
779.208	18
779.224	20
779.239	13
779.255	7
779.271	18
779.287	17
779.302	12
779.318	11
779.334	7
779.349	11
779.365	9
779.381	10
779.396	18
779.412	10
779.428	10
779.444	4
779.459	17
779.475	11
779.491	13
779.506	18
779.522	14
779.538	15
779.553	19
779.569	16
779.585	17
779.600	22
779.616	12
779.632	12
779.647	14
779.663	12
779.679	18
779.695	19
779.710	15
779.726	10
779.742	22
779.757	11
779.773	17
779.789	15
779.804	20
779.820	22
779.836	28
779.851	8
779.867	10
779.883	12
779.898	13
779.914	11
779.930	12
779.945	12
779.961	15
779.977	9
779.992	14
780.008	12
780.023	5
780.039	10
780.055	14
780.070	7
780.086	14
780.102	4
780.117	4
780.133	5
780.149	14
780.164	22
780.180	10
780.196	5
780.211	10
780.227	10
780.243	10
780.258	18
780.274	9
780.289	16
780.305	20
780.321	16
780.336	9
780.352	11
780.368	10
780.383	19
780.399	19
780.414	22
780.430	15
780.446	15
780.461	18
780.477	17
780.493	5
780.508	15
780.524	7
780.539	17
780.555	7
780.571	17
780.586	16
780.602	20
780.618	26
780.633	5
780.649	18
780.664	12
780.680	8
780.696	17
780.711	9
780.727	17
780.742	16
780.758	23
780.774	14
780.789	20
780.805	19
780.820	15
780.836	9
780.852	15
780.867	18
780.883	16
780.898	23
780.914	9
780.930	18
780.945	13
780.961	16
780.976	13
780.992	7
781.008	14
781.023	16
781.039	13
781.054	17
781.070	17
781.085	23
781.101	10
781.117	19
781.132	21
781.148	10
781.163	23
781.179	17
781.194	19
781.210	17
781.226	10
781.241	8
781.257	11
781.272	14
781.288	17
781.303	22
781.319	17
781.335	13
781.350	26
781.366	27
781.381	21
781.397	17
781.412	20
781.428	20
781.443	15
781.459	20
781.475	14
781.490	18
781.506	13
781.521	15
781.537	17
781.552	24
781.568	18
781.583	16
781.599	19
781.614	19
781.630	16
781.646	20
781.661	24
781.677	18
781.692	17
781.708	18
781.723	25
781.739	29
781.754	47
781.770	74
781.785	128
781.801	230
781.816	361
781.832	430
781.848	501
781.863	358
781.879	89
781.894	44
781.910	59
781.925	68
781.941	70
781.956	72
781.972	38
781.987	19
782.003	22
782.018	17
782.034	18
782.049	16
782.065	29
782.080	27
782.096	23
782.111	33
782.127	31
782.142	29
782.158	33
782.173	30
782.189	23
782.204	26
782.220	22
782.235	19
782.251	30
782.266	25
782.282	19
782.297	17
782.313	21
782.328	17
782.344	27
782.359	11
782.375	14
782.390	14
782.406	20
782.421	17
782.437	16
782.452	25
782.468	27
782.483	21
782.499	14
782.514	9
782.530	17
782.545	16
782.561	20
782.576	23
782.592	18
782.607	23
782.622	23
782.638	18
782.653	15
782.669	10
782.684	24
782.700	28
782.715	27
782.731	35
782.746	18
782.762	20
782.777	23
782.793	35
782.808	21
782.824	30
782.839	17
782.854	20
782.870	33
782.885	30
782.901	29
782.916	46
782.932	47
782.947	40
782.963	20
782.978	23
782.993	20
783.009	16
783.024	32
783.040	35
783.055	48
783.071	46
783.086	60
783.102	60
783.117	63
783.132	70
783.148	60
783.163	80
783.179	71
783.194	58
783.210	52
783.225	46
783.240	43
783.256	41
783.271	28
783.287	38
783.302	26
783.318	40
783.333	37
783.348	26
783.364	35
783.379	47
783.395	54
783.410	47
783.426	78
783.441	79
783.456	119
783.472	235
783.487	446
783.503	612
783.518	569
783.533	403
783.549	410
783.564	309
783.580	432
783.595	659
783.610	617
783.626	173
783.641	72
783.657	53
783.672	48
783.687	46
783.703	61
783.718	87
783.734	104
783.749	84
783.764	98
783.780	108
783.795	149
783.811	161
783.826	216
783.841	119
783.857	119
783.872	165
783.888	226
783.903	156
783.918	108
783.934	63
783.949	54
783.964	54
783.980	83
783.995	94
784.011	117
784.026	110
784.041	91
784.057	71
784.072	64
784.087	47
784.103	67
784.118	79
784.134	68
784.149	53
784.164	42
784.180	53
784.195	100
784.210	148
784.226	118
784.241	113
784.256	150
784.272	75
784.287	43
784.302	39
784.318	52
784.333	78
784.349	64
784.364	48
784.379	43
784.395	50
784.410	55
784.425	51
784.441	25
784.456	24
784.471	35
784.487	55
784.502	57
784.517	42
784.533	37
784.548	51
784.563	60
784.579	51
784.594	50
784.609	60
784.625	58
784.640	47
784.655	48
784.671	64
784.686	66
784.701	50
784.717	44
784.732	47
784.747	62
784.763	68
784.778	57
784.793	70
784.809	83
784.824	95
784.839	109
784.854	89
784.870	70
784.885	70
784.900	95
784.916	77
784.931	46
784.946	41
784.962	68
784.977	59
784.992	42
785.008	21
785.023	40
785.038	52
785.053	27
785.069	18
785.084	51
785.099	58
785.115	32
785.130	24
785.145	52
785.161	64
785.176	28
785.191	28
785.206	48
785.222	47
785.237	46
785.252	30
785.268	48
785.283	30
785.298	39
785.313	42
785.329	53
785.344	37
785.359	40
785.375	30
785.390	51
785.405	24
785.420	51
785.436	34
785.451	37
785.466	29
785.481	40
785.497	37
785.512	31
785.527	38
785.543	32
785.558	29
785.573	24
785.588	35
785.604	41
785.619	30
785.634	28
785.649	55
785.665	42
785.680	27
785.695	18
785.710	31
785.726	41
785.741	49
785.756	67
785.771	31
785.787	44
785.802	33
785.817	36
785.832	34
785.848	22
785.863	63
785.878	52
785.893	58
785.909	45
785.924	44
785.939	38
785.954	38
785.970	50
785.985	49
786.000	52
786.015	44
786.030	35
786.046	34
786.061	42
786.076	53
786.091	42
786.107	64
786.122	72
786.137	60
786.152	90
786.168	51
786.183	41
786.198	27
786.213	43
786.228	35
786.244	34
786.259	42
786.274	37
786.289	43
786.304	39
786.320	26
786.335	32
786.350	28
786.365	32
786.381	26
786.396	40
786.411	45
786.426	24
786.441	58
786.457	30
786.472	38
786.487	47
786.502	24
786.517	28
786.533	35
786.548	35
786.563	31
786.578	23
786.593	27
786.608	39
786.624	47
786.639	64
786.654	44
786.669	49
786.684	29
786.700	30
786.715	53
786.730	49
786.745	35
786.760	50
786.775	27
786.791	41
786.806	35
786.821	28
786.836	21
786.851	32
786.867	27
786.882	44
786.897	42
786.912	29
786.927	29
786.942	24
786.958	41
786.973	28
786.988	17
787.003	27
787.018	24
787.033	20
787.049	27
787.064	14
787.079	34
787.094	29
787.109	17
787.124	25
787.139	19
787.155	35
787.170	37
787.185	29
787.200	26
787.215	20
787.230	19
787.245	22
787.261	14
787.276	24
787.291	33
787.306	30
787.321	34
787.336	22
787.351	25
787.367	34
787.382	23
787.397	10
787.412	22
787.427	12
787.442	13
787.457	26
787.472	22
787.488	20
787.503	16
787.518	10
787.533	15
787.548	11
787.563	22
787.578	21
787.593	30
787.609	41
787.624	37
787.639	21
787.654	18
787.669	10
787.684	22
787.699	43
787.714	54
787.730	66
787.745	76
787.760	92
787.775	96
787.790	87
787.805	70
787.820	48
787.835	52
787.850	45
787.865	54
