771.850	5
771.866	6
771.883	0
771.899	4
771.915	9
771.931	6
771.947	15
771.964	5
771.980	8
771.996	10
772.012	7
772.028	9
772.045	8
772.061	5
772.077	7
772.093	6
772.109	7
772.126	12
772.142	7
772.158	6
772.174	1
772.190	3
772.206	8
772.223	8
772.239	12
772.255	5
772.271	16
772.287	3
772.304	9
772.320	3
772.336	13
772.352	5
772.368	10
772.384	6
772.401	6
772.417	4
772.433	7
772.449	14
772.465	5
772.482	10
772.498	0
772.514	1
772.530	7
772.546	13
772.562	12
772.579	10
772.595	7
772.611	-3
772.627	7
772.643	10
772.659	3
772.675	6
772.692	4
772.708	3
772.724	8
772.740	8
772.756	0
772.772	2
772.789	8
772.805	1
772.821	8
772.837	9
772.853	6
772.869	4
772.885	2
772.902	2
772.918	3
772.934	10
772.950	11
772.966	3
772.982	7
772.998	4
773.015	4
773.031	5
773.047	12
773.063	11
773.079	0
773.095	5
773.111	4
773.127	17
773.144	15
773.160	11
773.176	1
773.192	2
773.208	6
773.224	12
773.240	8
773.256	5
773.272	5
773.289	10
773.305	10
773.321	11
773.337	14
773.353	3
773.369	12
773.385	8
773.401	8
773.417	5
773.434	9
773.450	6
773.466	11
773.482	14
773.498	8
773.514	9
773.530	7
773.546	13
773.562	11
773.579	8
773.595	6
773.611	5
773.627	9
773.643	8
773.659	6
773.675	4
773.691	9
773.707	5
773.723	0
773.739	12
773.755	10
773.772	5
773.788	12
773.804	5
773.820	3
773.836	5
773.852	14
773.868	1
773.884	3
773.900	11
773.916	13
773.932	5
773.948	10
773.964	15
773.981	3
773.997	10
774.013	16
774.029	5
774.045	7
774.061	5
774.077	7
774.093	13
774.109	13
774.125	10
774.141	7
774.157	2
774.173	6
774.189	3
774.205	2
774.221	3
774.237	9
774.254	4
774.270	2
774.286	11
774.302	6
774.318	12
774.334	9
774.350	11
774.366	7
774.382	5
774.398	2
774.414	1
774.430	8
774.446	10
774.462	11
774.478	13
774.494	7
774.510	8
774.526	10
774.542	-1
774.558	1
774.574	7
774.590	1
774.606	6
774.622	9
774.638	3
774.654	-1
774.670	7
774.686	1
774.702	6
774.719	5
774.735	4
774.751	5
774.767	-1
774.783	13
774.799	5
774.815	9
774.831	11
774.847	13
774.863	7
774.879	5
774.895	6
774.911	8
774.927	1
774.943	10
774.959	11
774.975	7
774.991	11
775.007	4
775.023	12
775.039	3
775.055	-1
775.071	6
775.087	5
775.103	16
775.119	7
775.135	5
775.151	11
775.167	7
775.183	12
775.199	3
775.215	7
775.231	4
775.247	6
775.262	6
775.278	6
775.294	9
775.310	3
775.326	6
775.342	10
775.358	9
775.374	1
775.390	3
775.406	7
775.422	11
775.438	9
775.454	14
775.470	9
775.486	5
775.502	18
775.518	5
775.534	11
775.550	7
775.566	12
775.582	3
775.598	3
775.614	6
775.630	4
775.646	12
775.662	8
775.678	3
775.694	6
775.710	9
775.725	9
775.741	4
775.757	1
775.773	4
775.789	11
775.805	16
775.821	10
775.837	-2
775.853	3
775.869	2
775.885	6
775.901	3
775.917	7
775.933	6
775.949	1
775.965	20
775.981	4
775.996	8
776.012	6
776.028	12
776.044	-3
776.060	9
776.076	3
776.092	5
776.108	3
776.124	5
776.140	8
776.156	15
776.172	6
776.188	6
776.203	14
776.219	7
776.235	9
776.251	6
776.267	8
776.283	4
776.299	10
776.315	8
776.331	14
776.347	6
776.363	7
776.378	12
776.394	10
776.410	13
776.426	3
776.442	10
776.458	5
776.474	10
776.490	11
776.506	11
776.522	12
776.537	1
776.553	14
776.569	14
776.585	3
776.601	14
776.617	2
776.633	7
776.649	2
776.665	9
776.680	5
776.696	2
776.712	12
776.728	6
776.744	13
776.760	18
776.776	4
776.792	7
776.808	4
776.823	3
776.839	6
776.855	8
776.871	0
776.887	12
776.903	17
776.919	14
776.934	12
776.950	2
776.966	10
776.982	8
776.998	2
777.014	8
777.030	15
777.046	4
777.061	-2
777.077	11
777.093	4
777.109	10
777.125	1
777.141	10
777.157	3
777.172	6
777.188	8
777.204	2
777.220	11
777.236	4
777.252	5
777.267	8
777.283	11
777.299	3
777.315	19
777.331	16
777.347	12
777.362	10
777.378	4
777.394	8
777.410	11
777.426	1
777.442	11
777.457	9
777.473	2
777.489	11
777.505	10
777.521	5
777.537	5
777.552	12
777.568	8
777.584	7
777.600	6
777.616	1
777.632	3
777.647	4
777.663	0
777.679	-4
777.695	0
777.711	11
777.726	11
777.742	4
777.758	17
777.774	12
777.790	9
777.806	8
777.821	8
777.837	6
777.853	8
777.869	13
777.885	13
777.900	6
777.916	3
777.932	16
777.948	8
777.964	8
777.979	4
777.995	6
778.011	9
778.027	5
778.042	4
778.058	9
778.074	8
778.090	5
778.106	3
778.121	5
778.137	7
778.153	3
778.169	9
778.185	2
778.200	-2
778.216	2
778.232	6
778.248	8
778.263	11
778.279	5
778.295	-4
778.311	10
778.327	10
778.342	5
778.358	16
778.374	5
778.390	9
778.405	4
778.421	10
778.437	11
778.453	8
778.468	9
778.484	0
778.500	0
778.516	10
778.531	-1
778.547	10
778.563	9
778.579	7
778.594	13
778.610	7
778.626	8
778.642	5
778.658	4
778.673	6
778.689	4
778.705	7
778.720	-1
778.736	13
778.752	8
778.768	3
778.783	11
778.799	8
778.815	12
778.831	12
778.846	7
778.862	12
778.878	12
778.894	9
778.909	8
778.925	11
778.941	13
778.957	8
778.972	5
778.988	13
779.004	2
779.019	5
779.035	5
779.051	12
779.067	7
779.082	15
779.098	4
779.114	7
779.129	7
779.145	13
779.161	9
779.177	7
779.192	12
779.208	7
779.224	9
779.239	4
779.255	7
779.271	12
779.287	6
779.302	6
779.318	5
779.334	2
779.349	2
779.365	8
779.381	-2
779.396	6
779.412	7
779.428	2
779.444	0
779.459	13
779.475	5
779.491	11
779.506	9
779.522	6
779.538	12
779.553	16
779.569	-1
779.585	5
779.600	16
779.616	4
779.632	2
779.647	6
779.663	3
779.679	9
779.695	8
779.710	7
779.726	4
779.742	9
779.757	9
779.773	14
779.789	7
779.804	6
779.820	17
779.836	18
779.851	7
779.867	3
779.883	9
779.898	0
779.914	11
779.930	8
779.945	8
779.961	6
779.977	1
779.992	10
780.008	9
780.023	-4
780.039	0
780.055	4
780.070	-4
780.086	4
780.102	7
780.117	5
780.133	0
780.149	7
780.164	14
780.180	3
780.196	9
780.211	-3
780.227	6
780.243	4
780.258	6
780.274	8
780.289	5
780.305	10
780.321	9
780.336	0
780.352	-1
780.368	3
780.383	-2
780.399	3
780.414	2
780.430	4
780.446	12
780.461	9
780.477	5
780.493	8
780.508	10
780.524	5
780.539	4
780.555	-2
780.571	4
780.586	8
780.602	8
780.618	18
780.633	0
780.649	8
780.664	9
780.680	5
780.696	5
780.711	1
780.727	11
780.742	3
780.758	13
780.774	15
780.789	14
780.805	7
780.820	7
780.836	8
780.852	8
780.867	15
780.883	9
780.898	7
780.914	5
780.930	4
780.945	8
780.961	6
780.976	5
780.992	5
781.008	8
781.023	2
781.039	9
781.054	5
781.070	6
781.085	9
781.101	0
781.117	6
781.132	10
781.148	3
781.163	5
781.179	5
781.194	9
781.210	5
781.226	4
781.241	9
781.257	4
781.272	6
781.288	4
781.303	8
781.319	4
781.335	7
781.350	9
781.366	18
781.381	10
781.397	10
781.412	6
781.428	15
781.443	4
781.459	1
781.475	11
781.490	3
781.506	7
781.521	12
781.537	6
781.552	12
781.568	10
781.583	15
781.599	11
781.614	11
781.630	7
781.646	10
781.661	6
781.677	7
781.692	7
781.708	1
781.723	10
781.739	11
781.754	11
781.770	8
781.785	0
781.801	9
781.816	1
781.832	13
781.848	4
781.863	13
781.879	11
781.894	2
781.910	8
781.925	13
781.941	9
781.956	5
781.972	12
781.987	0
782.003	6
782.018	7
782.034	8
782.049	3
782.065	8
782.080	9
782.096	10
782.111	10
782.127	7
782.142	15
782.158	12
782.173	10
782.189	3
782.204	9
782.220	9
782.235	8
782.251	7
782.266	8
782.282	10
782.297	7
782.313	6
782.328	7
782.344	9
782.359	1
782.375	7
782.390	8
782.406	10
782.421	7
782.437	9
782.452	11
782.468	12
782.483	3
782.499	11
782.514	4
782.530	5
782.545	13
782.561	1
782.576	16
782.592	2
782.607	8
782.622	11
782.638	5
782.653	7
782.669	4
782.684	13
782.700	13
782.715	6
782.731	13
782.746	10
782.762	4
782.777	7
782.793	14
782.808	7
782.824	15
782.839	12
782.854	8
782.870	5
782.885	13
782.901	5
782.916	11
782.932	7
782.947	5
782.963	15
782.978	11
782.993	10
783.009	6
783.024	14
783.040	23
783.055	18
783.071	20
783.086	23
783.102	30
783.117	33
783.132	32
783.148	31
783.163	37
783.179	29
783.194	34
783.210	26
783.225	16
783.240	19
783.256	18
783.271	10
783.287	12
783.302	15
783.318	16
783.333	19
783.348	14
783.364	17
783.379	13
783.395	16
783.410	6
783.426	15
783.441	5
783.456	6
783.472	6
783.487	5
783.503	9
783.518	11
783.533	7
783.549	17
783.564	18
783.580	27
783.595	29
783.610	24
783.626	24
783.641	17
783.657	14
783.672	13
783.687	11
783.703	16
783.718	15
783.734	23
783.749	29
783.764	28
783.780	13
783.795	30
783.811	13
783.826	21
783.841	18
783.857	25
783.872	31
783.888	32
783.903	37
783.918	35
783.934	18
783.949	20
783.964	16
783.980	21
783.995	33
784.011	34
784.026	34
784.041	13
784.057	6
784.072	11
784.087	12
784.103	20
784.118	30
784.134	29
784.149	13
784.164	7
784.180	7
784.195	9
784.210	24
784.226	32
784.241	20
784.256	13
784.272	19
784.287	8
784.302	14
784.318	19
784.333	25
784.349	24
784.364	14
784.379	9
784.395	13
784.410	13
784.425	13
784.441	10
784.456	6
784.471	22
784.487	21
784.502	31
784.517	21
784.533	5
784.548	19
784.563	25
784.579	22
784.594	21
784.609	24
784.625	13
784.640	7
784.655	18
784.671	29
784.686	29
784.701	20
784.717	11
784.732	14
784.747	25
784.763	34
784.778	18
784.793	19
784.809	21
784.824	26
784.839	27
784.854	14
784.870	10
784.885	24
784.900	34
784.916	26
784.931	25
784.946	12
784.962	27
784.977	24
784.992	6
785.008	9
785.023	22
785.038	28
785.053	17
785.069	6
785.084	21
785.099	24
785.115	17
785.130	10
785.145	24
785.161	34
785.176	10
785.191	10
785.206	17
785.222	22
785.237	21
785.252	8
785.268	16
785.283	14
785.298	18
785.313	15
785.329	19
785.344	9
785.359	16
785.375	9
785.390	27
785.405	11
785.420	24
785.436	6
785.451	17
785.466	12
785.481	22
785.497	17
785.512	10
785.527	9
785.543	11
785.558	9
785.573	13
785.588	13
785.604	19
785.619	10
785.634	10
785.649	31
785.665	15
785.680	11
785.695	15
785.710	16
785.726	25
785.741	27
785.756	35
785.771	18
785.787	13
785.802	14
785.817	18
785.832	11
785.848	4
785.863	38
785.878	24
785.893	27
785.909	14
785.924	25
785.939	13
785.954	15
785.970	16
785.985	18
786.000	24
786.015	17
786.030	12
786.046	23
786.061	20
786.076	28
786.091	17
786.107	11
786.122	12
786.137	5
786.152	24
786.168	10
786.183	18
786.198	10
786.213	19
786.228	11
786.244	22
786.259	16
786.274	21
786.289	16
786.304	12
786.320	4
786.335	18
786.350	16
786.365	12
786.381	19
786.396	23
786.411	16
786.426	10
786.441	20
786.457	10
786.472	13
786.487	19
786.502	14
786.517	14
786.533	18
786.548	12
786.563	6
786.578	10
786.593	13
786.608	21
786.624	23
786.639	22
786.654	17
786.669	27
786.684	15
786.700	13
786.715	31
786.730	23
786.745	23
786.760	26
786.775	14
786.791	15
786.806	22
786.821	9
786.836	9
786.851	17
786.867	8
786.882	14
786.897	13
786.912	14
786.927	14
786.942	12
786.958	20
786.973	24
786.988	5
787.003	16
787.018	11
787.033	6
787.049	15
787.064	4
787.079	8
787.094	9
787.109	9
787.124	12
787.139	9
787.155	21
787.170	11
787.185	13
787.200	17
787.215	0
787.230	6
787.245	13
787.261	8
787.276	7
787.291	9
787.306	15
787.321	11
787.336	16
787.351	9
787.367	10
787.382	13
787.397	-5
787.412	-1
787.427	9
787.442	13
787.457	9
787.472	7
787.488	18
787.503	6
787.518	6
787.533	3
787.548	8
787.563	9
787.578	14
787.593	17
787.609	13
787.624	11
787.639	10
787.654	14
787.669	12
787.684	0
787.699	19
787.714	25
787.730	30
787.745	36
787.760	44
787.775	36
787.790	49
787.805	35
787.820	31
787.835	19
787.850	37
787.865	16
