771.850	12
771.866	14
771.883	11
771.899	20
771.915	14
771.931	11
771.947	14
771.964	22
771.980	20
771.996	11
772.012	16
772.028	10
772.045	9
772.061	13
772.077	14
772.093	13
772.109	10
772.126	10
772.142	11
772.158	21
772.174	6
772.190	10
772.206	17
772.223	12
772.239	14
772.255	7
772.271	14
772.287	21
772.304	20
772.320	-1
772.336	12
772.352	13
772.368	17
772.384	11
772.401	17
772.417	15
772.433	18
772.449	11
772.465	11
772.482	13
772.498	12
772.514	15
772.530	12
772.546	22
772.562	23
772.579	15
772.595	8
772.611	11
772.627	13
772.643	14
772.659	8
772.675	18
772.692	6
772.708	8
772.724	14
772.740	12
772.756	13
772.772	15
772.789	16
772.805	11
772.821	14
772.837	17
772.853	12
772.869	9
772.885	10
772.902	2
772.918	13
772.934	22
772.950	17
772.966	10
772.982	22
772.998	12
773.015	6
773.031	15
773.047	19
773.063	20
773.079	18
773.095	14
773.111	10
773.127	18
773.144	16
773.160	17
773.176	8
773.192	11
773.208	8
773.224	12
773.240	11
773.256	17
773.272	21
773.289	22
773.305	20
773.321	15
773.337	21
773.353	17
773.369	15
773.385	18
773.401	19
773.417	15
773.434	15
773.450	15
773.466	12
773.482	21
773.498	15
773.514	19
773.530	18
773.546	18
773.562	16
773.579	13
773.595	17
773.611	16
773.627	23
773.643	19
773.659	16
773.675	13
773.691	8
773.707	12
773.723	13
773.739	22
773.755	25
773.772	14
773.788	13
773.804	16
773.820	8
773.836	7
773.852	18
773.868	6
773.884	13
773.900	27
773.916	20
773.932	19
773.948	24
773.964	18
773.981	11
773.997	19
774.013	19
774.029	8
774.045	18
774.061	18
774.077	14
774.093	20
774.109	17
774.125	12
774.141	17
774.157	7
774.173	10
774.189	14
774.205	6
774.221	12
774.237	17
774.254	11
774.270	12
774.286	10
774.302	12
774.318	19
774.334	13
774.350	17
774.366	9
774.382	10
774.398	8
774.414	10
774.430	15
774.446	21
774.462	15
774.478	17
774.494	22
774.510	18
774.526	17
774.542	11
774.558	13
774.574	11
774.590	7
774.606	13
774.622	15
774.638	14
774.654	7
774.670	13
774.686	10
774.702	11
774.719	15
774.735	11
774.751	17
774.767	13
774.783	12
774.799	11
774.815	15
774.831	16
774.847	13
774.863	13
774.879	10
774.895	14
774.911	13
774.927	12
774.943	15
774.959	10
774.975	17
774.991	11
775.007	16
775.023	17
775.039	11
775.055	17
775.071	15
775.087	17
775.103	16
775.119	16
775.135	21
775.151	15
775.167	13
775.183	18
775.199	22
775.215	16
775.231	10
775.247	20
775.262	17
775.278	20
775.294	19
775.310	13
775.326	13
775.342	17
775.358	15
775.374	15
775.390	10
775.406	16
775.422	17
775.438	26
775.454	20
775.470	14
775.486	18
775.502	23
775.518	5
775.534	17
775.550	16
775.566	14
775.582	14
775.598	12
775.614	11
775.630	17
775.646	17
775.662	21
775.678	6
775.694	9
775.710	6
775.725	16
775.741	13
775.757	12
775.773	12
775.789	18
775.805	22
775.821	11
775.837	6
775.853	5
775.869	15
775.885	18
775.901	10
775.917	12
775.933	17
775.949	12
775.965	16
775.981	10
775.996	12
776.012	9
776.028	18
776.044	12
776.060	15
776.076	10
776.092	5
776.108	5
776.124	15
776.140	16
776.156	15
776.172	8
776.188	11
776.203	14
776.219	16
776.235	21
776.251	15
776.267	5
776.283	13
776.299	15
776.315	19
776.331	20
776.347	17
776.363	19
776.378	15
776.394	17
776.410	18
776.426	7
776.442	16
776.458	9
776.474	21
776.490	14
776.506	13
776.522	16
776.537	11
776.553	20
776.569	13
776.585	12
776.601	20
776.617	10
776.633	17
776.649	7
776.665	17
776.680	11
776.696	8
776.712	24
776.728	16
776.744	20
776.760	26
776.776	22
776.792	13
776.808	19
776.823	19
776.839	17
776.855	19
776.871	8
776.887	11
776.903	14
776.919	25
776.934	17
776.950	14
776.966	21
776.982	10
776.998	5
777.014	8
777.030	21
777.046	13
777.061	6
777.077	23
777.093	14
777.109	18
777.125	11
777.141	16
777.157	10
777.172	14
777.188	16
777.204	14
777.220	16
777.236	17
777.252	16
777.267	19
777.283	15
777.299	9
777.315	27
777.331	33
777.347	31
777.362	12
777.378	22
777.394	25
777.410	22
777.426	16
777.442	13
777.457	13
777.473	11
777.489	19
777.505	20
777.521	10
777.537	5
777.552	22
777.568	14
777.584	9
777.600	18
777.616	15
777.632	10
777.647	7
777.663	9
777.679	16
777.695	14
777.711	19
777.726	16
777.742	23
777.758	28
777.774	28
777.790	23
777.806	17
777.821	14
777.837	7
777.853	13
777.869	20
777.885	32
777.900	10
777.916	11
777.932	21
777.948	19
777.964	22
777.979	20
777.995	12
778.011	16
778.027	9
778.042	14
778.058	8
778.074	19
778.090	13
778.106	14
778.121	17
778.137	18
778.153	17
778.169	17
778.185	14
778.200	9
778.216	12
778.232	16
778.248	10
778.263	21
778.279	23
778.295	1
778.311	15
778.327	11
778.342	7
778.358	13
778.374	12
778.390	16
778.405	11
778.421	26
778.437	14
778.453	17
778.468	18
778.484	9
778.500	7
778.516	10
778.531	5
778.547	12
778.563	10
778.579	13
778.594	20
778.610	18
778.626	15
778.642	6
778.658	9
778.673	9
778.689	11
778.705	17
778.720	1
778.736	12
778.752	14
778.768	13
778.783	17
778.799	21
778.815	17
778.831	11
778.846	11
778.862	18
778.878	14
778.894	13
778.909	13
778.925	20
778.941	11
778.957	22
778.972	7
778.988	18
779.004	8
779.019	10
779.035	7
779.051	19
779.067	16
779.082	15
779.098	10
779.114	12
779.129	8
779.145	20
779.161	20
779.177	17
779.192	10
779.208	17
779.224	14
779.239	16
779.255	8
779.271	20
779.287	15
779.302	10
779.318	10
779.334	17
779.349	11
779.365	16
779.381	7
779.396	12
779.412	12
779.428	6
779.444	1
779.459	22
779.475	15
779.491	18
779.506	8
779.522	15
779.538	14
779.553	19
779.569	8
779.585	13
779.600	15
779.616	8
779.632	6
779.647	15
779.663	12
779.679	14
779.695	9
779.710	7
779.726	5
779.742	15
779.757	18
779.773	25
779.789	23
779.804	12
779.820	20
779.836	20
779.851	10
779.867	12
779.883	14
779.898	6
779.914	19
779.930	15
779.945	10
779.961	8
779.977	5
779.992	13
780.008	12
780.023	4
780.039	13
780.055	12
780.070	7
780.086	4
780.102	9
780.117	11
780.133	8
780.149	12
780.164	15
780.180	8
780.196	7
780.211	10
780.227	16
780.243	10
780.258	18
780.274	15
780.289	17
780.305	15
780.321	17
780.336	9
780.352	5
780.368	8
780.383	14
780.399	13
780.414	11
780.430	13
780.446	17
780.461	13
780.477	6
780.493	9
780.508	15
780.524	7
780.539	14
780.555	5
780.571	10
780.586	15
780.602	15
780.618	28
780.633	10
780.649	25
780.664	10
780.680	6
780.696	10
780.711	12
780.727	13
780.742	12
780.758	23
780.774	18
780.789	13
780.805	11
780.820	16
780.836	10
780.852	15
780.867	14
780.883	24
780.898	21
780.914	16
780.930	14
780.945	17
780.961	15
780.976	9
780.992	13
781.008	19
781.023	16
781.039	14
781.054	17
781.070	17
781.085	14
781.101	9
781.117	19
781.132	12
781.148	7
781.163	12
781.179	13
781.194	14
781.210	11
781.226	12
781.241	9
781.257	10
781.272	13
781.288	10
781.303	17
781.319	13
781.335	12
781.350	22
781.366	20
781.381	15
781.397	12
781.412	21
781.428	17
781.443	10
781.459	8
781.475	15
781.490	19
781.506	9
781.521	11
781.537	18
781.552	17
781.568	9
781.583	14
781.599	18
781.614	13
781.630	9
781.646	14
781.661	20
781.677	11
781.692	13
781.708	10
781.723	19
781.739	16
781.754	13
781.770	5
781.785	11
781.801	18
781.816	8
781.832	22
781.848	16
781.863	18
781.879	21
781.894	18
781.910	16
781.925	18
781.941	12
781.956	14
781.972	14
781.987	17
782.003	13
782.018	11
782.034	13
782.049	10
782.065	15
782.080	22
782.096	21
782.111	30
782.127	22
782.142	30
782.158	24
782.173	24
782.189	16
782.204	22
782.220	20
782.235	23
782.251	24
782.266	20
782.282	21
782.297	22
782.313	18
782.328	18
782.344	19
782.359	11
782.375	10
782.390	19
782.406	15
782.421	19
782.437	23
782.452	18
782.468	27
782.483	16
782.499	20
782.514	11
782.530	9
782.545	21
782.561	15
782.576	17
782.592	13
782.607	20
782.622	15
782.638	8
782.653	15
782.669	16
782.684	25
782.700	29
782.715	23
782.731	29
782.746	19
782.762	17
782.777	17
782.793	34
782.808	15
782.824	21
782.839	10
782.854	19
782.870	15
782.885	25
782.901	17
782.916	19
782.932	13
782.947	13
782.963	17
782.978	17
782.993	19
783.009	13
783.024	29
783.040	37
783.055	36
783.071	51
783.086	47
783.102	60
783.117	65
783.132	70
783.148	62
783.163	71
783.179	82
783.194	67
783.210	56
783.225	42
783.240	34
783.256	32
783.271	24
783.287	24
783.302	16
783.318	33
783.333	31
783.348	18
783.364	31
783.379	32
783.395	27
783.410	23
783.426	37
783.441	15
783.456	11
783.472	16
783.487	19
783.503	16
783.518	16
783.533	19
783.549	43
783.564	41
783.580	57
783.595	50
783.610	53
783.626	53
783.641	30
783.657	25
783.672	22
783.687	25
783.703	23
783.718	42
783.734	56
783.749	59
783.764	63
783.780	42
783.795	55
783.811	34
783.826	42
783.841	34
783.857	45
783.872	70
783.888	79
783.903	60
783.918	73
783.934	47
783.949	23
783.964	23
783.980	49
783.995	64
784.011	61
784.026	58
784.041	37
784.057	20
784.072	26
784.087	17
784.103	32
784.118	53
784.134	45
784.149	33
784.164	20
784.180	17
784.195	28
784.210	46
784.226	55
784.241	44
784.256	31
784.272	29
784.287	24
784.302	34
784.318	37
784.333	61
784.349	52
784.364	16
784.379	19
784.395	20
784.410	34
784.425	30
784.441	17
784.456	21
784.471	44
784.487	41
784.502	43
784.517	27
784.533	24
784.548	44
784.563	51
784.579	47
784.594	31
784.609	51
784.625	45
784.640	31
784.655	35
784.671	57
784.686	50
784.701	36
784.717	34
784.732	44
784.747	61
784.763	48
784.778	48
784.793	37
784.809	41
784.824	54
784.839	53
784.854	36
784.870	27
784.885	49
784.900	72
784.916	40
784.931	29
784.946	16
784.962	63
784.977	42
784.992	25
785.008	23
785.023	43
785.038	40
785.053	15
785.069	18
785.084	55
785.099	47
785.115	26
785.130	11
785.145	48
785.161	63
785.176	24
785.191	24
785.206	40
785.222	47
785.237	37
785.252	19
785.268	37
785.283	22
785.298	26
785.313	34
785.329	51
785.344	26
785.359	23
785.375	18
785.390	42
785.405	24
785.420	49
785.436	34
785.451	41
785.466	22
785.481	35
785.497	38
785.512	30
785.527	19
785.543	24
785.558	27
785.573	39
785.588	39
785.604	36
785.619	28
785.634	25
785.649	63
785.665	42
785.680	27
785.695	16
785.710	30
785.726	58
785.741	51
785.756	69
785.771	26
785.787	37
785.802	29
785.817	35
785.832	25
785.848	13
785.863	66
785.878	52
785.893	70
785.909	35
785.924	55
785.939	34
785.954	31
785.970	42
785.985	37
786.000	46
786.015	38
786.030	28
786.046	30
786.061	44
786.076	40
786.091	30
786.107	42
786.122	26
786.137	25
786.152	42
786.168	29
786.183	26
786.198	20
786.213	39
786.228	22
786.244	36
786.259	45
786.274	44
786.289	32
786.304	22
786.320	23
786.335	26
786.350	24
786.365	38
786.381	25
786.396	42
786.411	36
786.426	35
786.441	51
786.457	23
786.472	36
786.487	44
786.502	26
786.517	23
786.533	25
786.548	29
786.563	14
786.578	19
786.593	27
786.608	35
786.624	38
786.639	50
786.654	32
786.669	42
786.684	33
786.700	33
786.715	55
786.730	42
786.745	45
786.760	50
786.775	22
786.791	40
786.806	31
786.821	26
786.836	17
786.851	33
786.867	22
786.882	39
786.897	33
786.912	22
786.927	31
786.942	24
786.958	40
786.973	40
786.988	17
787.003	24
787.018	34
787.033	11
787.049	24
787.064	18
787.079	25
787.094	35
787.109	27
787.124	15
787.139	17
787.155	33
787.170	32
787.185	22
787.200	16
787.215	14
787.230	15
787.245	18
787.261	21
787.276	27
787.291	24
787.306	28
787.321	32
787.336	30
787.351	29
787.367	34
787.382	20
787.397	16
787.412	14
787.427	17
787.442	25
787.457	26
787.472	31
787.488	20
787.503	16
787.518	9
787.533	16
787.548	9
787.563	9
787.578	36
787.593	36
787.609	48
787.624	35
787.639	25
787.654	27
787.669	24
787.684	26
787.699	42
787.714	58
787.730	74
787.745	76
787.760	104
787.775	94
787.790	85
787.805	76
787.820	63
787.835	49
787.850	55
787.865	49
