771.850	16
771.866	12
771.883	5
771.899	19
771.915	20
771.931	17
771.947	25
771.964	19
771.980	19
771.996	17
772.012	16
772.028	13
772.045	11
772.061	18
772.077	12
772.093	21
772.109	13
772.126	22
772.142	18
772.158	18
772.174	12
772.190	10
772.206	20
772.223	14
772.239	18
772.255	16
772.271	19
772.287	22
772.304	17
772.320	3
772.336	21
772.352	15
772.368	18
772.384	19
772.401	17
772.417	12
772.433	14
772.449	13
772.465	12
772.482	14
772.498	13
772.514	11
772.530	18
772.546	26
772.562	19
772.579	26
772.595	15
772.611	9
772.627	18
772.643	14
772.659	16
772.675	17
772.692	5
772.708	13
772.724	12
772.740	18
772.756	15
772.772	24
772.789	14
772.805	13
772.821	21
772.837	16
772.853	19
772.869	21
772.885	13
772.902	7
772.918	11
772.934	31
772.950	26
772.966	13
772.982	20
772.998	12
773.015	16
773.031	21
773.047	23
773.063	25
773.079	15
773.095	20
773.111	12
773.127	19
773.144	23
773.160	14
773.176	18
773.192	22
773.208	7
773.224	18
773.240	8
773.256	18
773.272	24
773.289	18
773.305	17
773.321	16
773.337	18
773.353	13
773.369	15
773.385	21
773.401	14
773.417	18
773.434	20
773.450	12
773.466	14
773.482	24
773.498	21
773.514	19
773.530	28
773.546	34
773.562	25
773.579	24
773.595	19
773.611	25
773.627	20
773.643	16
773.659	23
773.675	13
773.691	14
773.707	23
773.723	8
773.739	24
773.755	21
773.772	15
773.788	19
773.804	11
773.820	18
773.836	18
773.852	21
773.868	14
773.884	19
773.900	21
773.916	24
773.932	18
773.948	27
773.964	23
773.981	24
773.997	20
774.013	23
774.029	12
774.045	9
774.061	15
774.077	17
774.093	19
774.109	16
774.125	19
774.141	11
774.157	3
774.173	18
774.189	19
774.205	9
774.221	15
774.237	13
774.254	6
774.270	18
774.286	16
774.302	14
774.318	24
774.334	20
774.350	15
774.366	17
774.382	17
774.398	5
774.414	13
774.430	16
774.446	18
774.462	20
774.478	22
774.494	22
774.510	20
774.526	13
774.542	14
774.558	18
774.574	14
774.590	8
774.606	19
774.622	28
774.638	19
774.654	6
774.670	15
774.686	7
774.702	12
774.719	19
774.735	12
774.751	15
774.767	15
774.783	10
774.799	12
774.815	18
774.831	11
774.847	22
774.863	20
774.879	13
774.895	15
774.911	19
774.927	18
774.943	18
774.959	15
774.975	21
774.991	21
775.007	21
775.023	18
775.039	16
775.055	12
775.071	16
775.087	14
775.103	14
775.119	20
775.135	22
775.151	15
775.167	22
775.183	24
775.199	25
775.215	20
775.231	9
775.247	20
775.262	21
775.278	15
775.294	20
775.310	13
775.326	12
775.342	16
775.358	24
775.374	14
775.390	11
775.406	18
775.422	17
775.438	22
775.454	19
775.470	20
775.486	15
775.502	28
775.518	19
775.534	18
775.550	13
775.566	18
775.582	15
775.598	19
775.614	9
775.630	12
775.646	15
775.662	16
775.678	18
775.694	12
775.710	14
775.725	16
775.741	15
775.757	10
775.773	11
775.789	26
775.805	30
775.821	13
775.837	14
775.853	13
775.869	20
775.885	19
775.901	18
775.917	15
775.933	21
775.949	14
775.965	26
775.981	13
775.996	9
776.012	14
776.028	19
776.044	15
776.060	12
776.076	17
776.092	15
776.108	5
776.124	17
776.140	18
776.156	24
776.172	14
776.188	11
776.203	13
776.219	14
776.235	22
776.251	15
776.267	14
776.283	6
776.299	18
776.315	25
776.331	24
776.347	12
776.363	20
776.378	25
776.394	12
776.410	17
776.426	5
776.442	15
776.458	11
776.474	12
776.490	19
776.506	16
776.522	19
776.537	15
776.553	19
776.569	16
776.585	16
776.601	20
776.617	9
776.633	17
776.649	9
776.665	19
776.680	11
776.696	11
776.712	24
776.728	12
776.744	18
776.760	24
776.776	14
776.792	14
776.808	14
776.823	15
776.839	14
776.855	14
776.871	8
776.887	15
776.903	12
776.919	27
776.934	19
776.950	13
776.966	33
776.982	11
776.998	13
777.014	6
777.030	22
777.046	20
777.061	14
777.077	26
777.093	15
777.109	18
777.125	9
777.141	18
777.157	15
777.172	20
777.188	19
777.204	14
777.220	21
777.236	18
777.252	14
777.267	21
777.283	15
777.299	11
777.315	33
777.331	34
777.347	33
777.362	20
777.378	26
777.394	29
777.410	24
777.426	20
777.442	21
777.457	18
777.473	10
777.489	17
777.505	18
777.521	14
777.537	10
777.552	31
777.568	13
777.584	7
777.600	26
777.616	13
777.632	10
777.647	14
777.663	14
777.679	18
777.695	15
777.711	24
777.726	21
777.742	18
777.758	37
777.774	31
777.790	24
777.806	20
777.821	15
777.837	12
777.853	19
777.869	25
777.885	32
777.900	32
777.916	11
777.932	23
777.948	19
777.964	28
777.979	17
777.995	15
778.011	13
778.027	18
778.042	14
778.058	14
778.074	17
778.090	12
778.106	13
778.121	19
778.137	19
778.153	13
778.169	15
778.185	11
778.200	12
778.216	18
778.232	17
778.248	23
778.263	20
778.279	15
778.295	5
778.311	11
778.327	19
778.342	7
778.358	24
778.374	25
778.390	17
778.405	12
778.421	18
778.437	15
778.453	18
778.468	12
778.484	8
778.500	6
778.516	9
778.531	9
778.547	18
778.563	21
778.579	16
778.594	25
778.610	19
778.626	20
778.642	13
778.658	12
778.673	16
778.689	13
778.705	21
778.720	7
778.736	19
778.752	20
778.768	17
778.783	17
778.799	23
778.815	14
778.831	16
778.846	19
778.862	22
778.878	19
778.894	24
778.909	13
778.925	17
778.941	17
778.957	27
778.972	15
778.988	20
779.004	11
779.019	14
779.035	12
779.051	18
779.067	22
779.082	19
779.098	16
779.114	17
779.129	9
779.145	25
779.161	22
779.177	17
779.192	15
779.208	21
779.224	17
779.239	16
779.255	8
779.271	16
779.287	23
779.302	13
779.318	14
779.334	19
779.349	13
779.365	18
779.381	3
779.396	20
779.412	12
779.428	15
779.444	8
779.459	17
779.475	10
779.491	22
779.506	16
779.522	19
779.538	16
779.553	21
779.569	15
779.585	17
779.600	21
779.616	13
779.632	18
779.647	11
779.663	18
779.679	15
779.695	20
779.710	14
779.726	17
779.742	19
779.757	15
779.773	23
779.789	22
779.804	21
779.820	24
779.836	23
779.851	9
779.867	14
779.883	12
779.898	3
779.914	15
779.930	19
779.945	13
779.961	8
779.977	11
779.992	15
780.008	16
780.023	6
780.039	15
780.055	11
780.070	6
780.086	7
780.102	12
780.117	8
780.133	7
780.149	19
780.164	20
780.180	9
780.196	12
780.211	8
780.227	11
780.243	13
780.258	12
780.274	13
780.289	11
780.305	19
780.321	16
780.336	9
780.352	13
780.368	16
780.383	12
780.399	18
780.414	13
780.430	9
780.446	21
780.461	12
780.477	16
780.493	15
780.508	4
780.524	11
780.539	12
780.555	9
780.571	17
780.586	16
780.602	16
780.618	29
780.633	16
780.649	17
780.664	20
780.680	15
780.696	6
780.711	10
780.727	18
780.742	14
780.758	25
780.774	18
780.789	22
780.805	9
780.820	14
780.836	20
780.852	19
780.867	19
780.883	25
780.898	18
780.914	11
780.930	12
780.945	23
780.961	18
780.976	10
780.992	11
781.008	20
781.023	12
781.039	16
781.054	13
781.070	29
781.085	17
781.101	11
781.117	21
781.132	15
781.148	10
781.163	15
781.179	17
781.194	16
781.210	16
781.226	17
781.241	14
781.257	16
781.272	14
781.288	13
781.303	25
781.319	14
781.335	13
781.350	29
781.366	19
781.381	20
781.397	20
781.412	18
781.428	23
781.443	15
781.459	7
781.475	12
781.490	12
781.506	15
781.521	8
781.537	15
781.552	27
781.568	21
781.583	17
781.599	17
781.614	18
781.630	21
781.646	22
781.661	26
781.677	15
781.692	12
781.708	16
781.723	23
781.739	18
781.754	18
781.770	16
781.785	17
781.801	19
781.816	11
781.832	24
781.848	17
781.863	27
781.879	26
781.894	20
781.910	15
781.925	22
781.941	19
781.956	14
781.972	19
781.987	18
782.003	20
782.018	17
782.034	22
782.049	15
782.065	22
782.080	25
782.096	31
782.111	32
782.127	31
782.142	40
782.158	31
782.173	20
782.189	12
782.204	25
782.220	22
782.235	19
782.251	29
782.266	24
782.282	27
782.297	19
782.313	18
782.328	19
782.344	18
782.359	11
782.375	24
782.390	21
782.406	17
782.421	17
782.437	19
782.452	13
782.468	21
782.483	22
782.499	22
782.514	15
782.530	12
782.545	18
782.561	15
782.576	27
782.592	21
782.607	19
782.622	23
782.638	17
782.653	22
782.669	17
782.684	22
782.700	30
782.715	27
782.731	33
782.746	19
782.762	17
782.777	22
782.793	38
782.808	18
782.824	31
782.839	17
782.854	16
782.870	20
782.885	27
782.901	27
782.916	16
782.932	12
782.947	15
782.963	20
782.978	23
782.993	22
783.009	17
783.024	36
783.040	42
783.055	53
783.071	63
783.086	58
783.102	72
783.117	72
783.132	87
783.148	81
783.163	81
783.179	92
783.194	83
783.210	65
783.225	50
783.240	46
783.256	41
783.271	27
783.287	32
783.302	32
783.318	36
783.333	33
783.348	33
783.364	41
783.379	36
783.395	29
783.410	35
783.426	32
783.441	23
783.456	19
783.472	14
783.487	20
783.503	24
783.518	24
783.533	20
783.549	47
783.564	56
783.580	60
783.595	72
783.610	62
783.626	50
783.641	35
783.657	30
783.672	31
783.687	29
783.703	31
783.718	41
783.734	59
783.749	67
783.764	65
783.780	45
783.795	56
783.811	41
783.826	52
783.841	54
783.857	45
783.872	76
783.888	104
783.903	92
783.918	82
783.934	52
783.949	31
783.964	37
783.980	54
783.995	72
784.011	82
784.026	71
784.041	50
784.057	36
784.072	28
784.087	17
784.103	41
784.118	63
784.134	66
784.149	49
784.164	29
784.180	22
784.195	24
784.210	58
784.226	74
784.241	55
784.256	46
784.272	39
784.287	27
784.302	36
784.318	54
784.333	63
784.349	47
784.364	25
784.379	16
784.395	30
784.410	49
784.425	40
784.441	16
784.456	19
784.471	30
784.487	47
784.502	57
784.517	46
784.533	21
784.548	50
784.563	53
784.579	52
784.594	41
784.609	60
784.625	50
784.640	42
784.655	41
784.671	63
784.686	68
784.701	56
784.717	42
784.732	37
784.747	69
784.763	69
784.778	54
784.793	36
784.809	53
784.824	61
784.839	73
784.854	39
784.870	33
784.885	56
784.900	80
784.916	74
784.931	28
784.946	30
784.962	68
784.977	57
784.992	25
785.008	24
785.023	48
785.038	54
785.053	25
785.069	17
785.084	62
785.099	55
785.115	27
785.130	27
785.145	59
785.161	74
785.176	17
785.191	27
785.206	51
785.222	53
785.237	46
785.252	25
785.268	41
785.283	29
785.298	37
785.313	37
785.329	48
785.344	37
785.359	28
785.375	31
785.390	43
785.405	34
785.420	51
785.436	42
785.451	36
785.466	32
785.481	39
785.497	46
785.512	26
785.527	34
785.543	38
785.558	25
785.573	44
785.588	43
785.604	39
785.619	39
785.634	27
785.649	61
785.665	41
785.680	34
785.695	22
785.710	27
785.726	64
785.741	65
785.756	87
785.771	34
785.787	42
785.802	32
785.817	47
785.832	24
785.848	31
785.863	72
785.878	60
785.893	78
785.909	44
785.924	65
785.939	40
785.954	40
785.970	65
785.985	60
786.000	61
786.015	38
786.030	30
786.046	45
786.061	46
786.076	58
786.091	34
786.107	52
786.122	35
786.137	26
786.152	55
786.168	26
786.183	32
786.198	19
786.213	38
786.228	32
786.244	31
786.259	49
786.274	41
786.289	38
786.304	32
786.320	27
786.335	30
786.350	30
786.365	38
786.381	29
786.396	43
786.411	38
786.426	41
786.441	70
786.457	27
786.472	37
786.487	52
786.502	34
786.517	29
786.533	38
786.548	36
786.563	17
786.578	25
786.593	37
786.608	39
786.624	41
786.639	54
786.654	41
786.669	57
786.684	38
786.700	42
786.715	54
786.730	52
786.745	43
786.760	56
786.775	25
786.791	47
786.806	42
786.821	30
786.836	22
786.851	38
786.867	30
786.882	43
786.897	38
786.912	29
786.927	29
786.942	29
786.958	39
786.973	40
786.988	21
787.003	31
787.018	43
787.033	19
787.049	28
787.064	18
787.079	47
787.094	37
787.109	23
787.124	31
787.139	21
787.155	40
787.170	35
787.185	22
787.200	26
787.215	27
787.230	11
787.245	21
787.261	22
787.276	28
787.291	22
787.306	32
787.321	45
787.336	42
787.351	26
787.367	35
787.382	27
787.397	18
787.412	22
787.427	17
787.442	28
787.457	38
787.472	28
787.488	26
787.503	18
787.518	11
787.533	25
787.548	20
787.563	16
787.578	28
787.593	51
787.609	49
787.624	44
787.639	27
787.654	32
787.669	26
787.684	26
787.699	50
787.714	67
787.730	88
787.745	106
787.760	134
787.775	114
787.790	121
787.805	101
787.820	78
787.835	58
787.850	64
787.865	57
