771.850	20
771.866	18
771.883	15
771.899	24
771.915	28
771.931	15
771.947	21
771.964	22
771.980	17
771.996	20
772.012	14
772.028	13
772.045	21
772.061	18
772.077	12
772.093	20
772.109	27
772.126	19
772.142	14
772.158	21
772.174	10
772.190	14
772.206	28
772.223	11
772.239	19
772.255	15
772.271	26
772.287	21
772.304	17
772.320	7
772.336	18
772.352	19
772.368	22
772.384	17
772.401	21
772.417	18
772.433	26
772.449	17
772.465	11
772.482	11
772.498	13
772.514	11
772.530	18
772.546	25
772.562	30
772.579	22
772.595	15
772.611	12
772.627	15
772.643	18
772.659	17
772.675	20
772.692	21
772.708	8
772.724	18
772.740	23
772.756	11
772.772	23
772.789	17
772.805	13
772.821	13
772.837	15
772.853	21
772.869	20
772.885	16
772.902	11
772.918	14
772.934	27
772.950	27
772.966	19
772.982	27
772.998	12
773.015	13
773.031	13
773.047	24
773.063	30
773.079	17
773.095	25
773.111	12
773.127	26
773.144	18
773.160	23
773.176	16
773.192	16
773.208	14
773.224	16
773.240	8
773.256	21
773.272	19
773.289	24
773.305	22
773.321	20
773.337	26
773.353	12
773.369	13
773.385	16
773.401	21
773.417	21
773.434	21
773.450	16
773.466	22
773.482	25
773.498	23
773.514	21
773.530	22
773.546	35
773.562	17
773.579	29
773.595	25
773.611	18
773.627	26
773.643	21
773.659	17
773.675	21
773.691	15
773.707	21
773.723	19
773.739	20
773.755	24
773.772	20
773.788	25
773.804	17
773.820	15
773.836	14
773.852	23
773.868	23
773.884	18
773.900	36
773.916	23
773.932	20
773.948	36
773.964	33
773.981	20
773.997	19
774.013	26
774.029	5
774.045	11
774.061	25
774.077	21
774.093	25
774.109	23
774.125	23
774.141	14
774.157	6
774.173	18
774.189	14
774.205	14
774.221	16
774.237	12
774.254	13
774.270	16
774.286	19
774.302	19
774.318	25
774.334	18
774.350	24
774.366	22
774.382	16
774.398	12
774.414	11
774.430	21
774.446	19
774.462	10
774.478	27
774.494	30
774.510	18
774.526	14
774.542	18
774.558	17
774.574	9
774.590	12
774.606	21
774.622	18
774.638	16
774.654	13
774.670	17
774.686	19
774.702	16
774.719	15
774.735	19
774.751	13
774.767	20
774.783	18
774.799	13
774.815	13
774.831	23
774.847	22
774.863	20
774.879	13
774.895	23
774.911	22
774.927	15
774.943	22
774.959	22
774.975	19
774.991	22
775.007	19
775.023	15
775.039	15
775.055	20
775.071	16
775.087	11
775.103	15
775.119	20
775.135	21
775.151	24
775.167	18
775.183	27
775.199	25
775.215	18
775.231	17
775.247	20
775.262	24
775.278	24
775.294	20
775.310	15
775.326	14
775.342	16
775.358	24
775.374	12
775.390	12
775.406	18
775.422	22
775.438	26
775.454	29
775.470	13
775.486	22
775.502	37
775.518	20
775.534	27
775.550	20
775.566	22
775.582	16
775.598	20
775.614	8
775.630	24
775.646	25
775.662	23
775.678	15
775.694	17
775.710	11
775.725	27
775.741	28
775.757	10
775.773	15
775.789	26
775.805	28
775.821	11
775.837	13
775.853	7
775.869	16
775.885	31
775.901	25
775.917	17
775.933	19
775.949	14
775.965	20
775.981	11
775.996	10
776.012	13
776.028	21
776.044	14
776.060	19
776.076	12
776.092	18
776.108	8
776.124	15
776.140	20
776.156	24
776.172	15
776.188	19
776.203	12
776.219	17
776.235	26
776.251	19
776.267	16
776.283	16
776.299	14
776.315	26
776.331	22
776.347	15
776.363	22
776.378	20
776.394	22
776.410	18
776.426	10
776.442	16
776.458	14
776.474	18
776.490	12
776.506	23
776.522	18
776.537	12
776.553	21
776.569	15
776.585	17
776.601	23
776.617	19
776.633	16
776.649	16
776.665	25
776.680	17
776.696	18
776.712	25
776.728	21
776.744	15
776.760	26
776.776	23
776.792	12
776.808	21
776.823	23
776.839	19
776.855	20
776.871	13
776.887	21
776.903	29
776.919	28
776.934	17
776.950	20
776.966	34
776.982	19
776.998	11
777.014	17
777.030	25
777.046	19
777.061	14
777.077	22
777.093	16
777.109	27
777.125	18
777.141	19
777.157	20
777.172	21
777.188	24
777.204	14
777.220	31
777.236	10
777.252	22
777.267	24
777.283	17
777.299	23
777.315	37
777.331	40
777.347	33
777.362	28
777.378	30
777.394	30
777.410	30
777.426	18
777.442	21
777.457	15
777.473	9
777.489	17
777.505	23
777.521	15
777.537	14
777.552	21
777.568	16
777.584	21
777.600	24
777.616	19
777.632	7
777.647	19
777.663	10
777.679	15
777.695	11
777.711	19
777.726	23
777.742	22
777.758	36
777.774	38
777.790	24
777.806	26
777.821	16
777.837	15
777.853	25
777.869	28
777.885	29
777.900	19
777.916	12
777.932	27
777.948	17
777.964	28
777.979	29
777.995	17
778.011	13
778.027	15
778.042	23
778.058	13
778.074	17
778.090	19
778.106	17
778.121	23
778.137	18
778.153	25
778.169	16
778.185	19
778.200	12
778.216	12
778.232	16
778.248	24
778.263	24
778.279	24
778.295	9
778.311	20
778.327	24
778.342	6
778.358	22
778.374	18
778.390	19
778.405	22
778.421	19
778.437	14
778.453	21
778.468	12
778.484	15
778.500	13
778.516	16
778.531	6
778.547	18
778.563	16
778.579	16
778.594	26
778.610	21
778.626	17
778.642	17
778.658	11
778.673	20
778.689	17
778.705	20
778.720	14
778.736	33
778.752	24
778.768	8
778.783	21
778.799	22
778.815	20
778.831	20
778.846	10
778.862	21
778.878	15
778.894	18
778.909	24
778.925	21
778.941	24
778.957	25
778.972	14
778.988	21
779.004	11
779.019	20
779.035	12
779.051	17
779.067	39
779.082	25
779.098	15
779.114	22
779.129	22
779.145	22
779.161	20
779.177	22
779.192	21
779.208	16
779.224	22
779.239	18
779.255	18
779.271	22
779.287	29
779.302	13
779.318	12
779.334	19
779.349	10
779.365	18
779.381	9
779.396	17
779.412	16
779.428	10
779.444	7
779.459	22
779.475	18
779.491	19
779.506	12
779.522	24
779.538	13
779.553	23
779.569	23
779.585	15
779.600	19
779.616	11
779.632	19
779.647	14
779.663	14
779.679	23
779.695	20
779.710	16
779.726	14
779.742	20
779.757	28
779.773	24
779.789	14
779.804	23
779.820	24
779.836	28
779.851	11
779.867	9
779.883	14
779.898	17
779.914	14
779.930	18
779.945	9
779.961	20
779.977	14
779.992	15
780.008	12
780.023	3
780.039	15
780.055	17
780.070	7
780.086	7
780.102	18
780.117	7
780.133	9
780.149	23
780.164	20
780.180	8
780.196	12
780.211	18
780.227	13
780.243	20
780.258	15
780.274	19
780.289	16
780.305	23
780.321	20
780.336	4
780.352	16
780.368	15
780.383	15
780.399	17
780.414	12
780.430	16
780.446	19
780.461	19
780.477	16
780.493	9
780.508	11
780.524	12
780.539	15
780.555	9
780.571	19
780.586	16
780.602	17
780.618	31
780.633	10
780.649	21
780.664	15
780.680	14
780.696	18
780.711	15
780.727	24
780.742	27
780.758	17
780.774	17
780.789	24
780.805	19
780.820	12
780.836	16
780.852	20
780.867	20
780.883	27
780.898	17
780.914	20
780.930	21
780.945	18
780.961	19
780.976	20
780.992	12
781.008	22
781.023	14
781.039	16
781.054	14
781.070	26
781.085	25
781.101	12
781.117	27
781.132	25
781.148	13
781.163	26
781.179	18
781.194	20
781.210	17
781.226	18
781.241	13
781.257	15
781.272	11
781.288	16
781.303	18
781.319	23
781.335	12
781.350	25
781.366	30
781.381	11
781.397	25
781.412	19
781.428	16
781.443	19
781.459	14
781.475	17
781.490	27
781.506	19
781.521	20
781.537	16
781.552	22
781.568	13
781.583	20
781.599	17
781.614	17
781.630	20
781.646	21
781.661	28
781.677	25
781.692	19
781.708	16
781.723	20
781.739	22
781.754	20
781.770	10
781.785	15
781.801	19
781.816	14
781.832	31
781.848	22
781.863	29
781.879	27
781.894	17
781.910	23
781.925	27
781.941	23
781.956	15
781.972	20
781.987	19
782.003	17
782.018	19
782.034	17
782.049	16
782.065	26
782.080	20
782.096	32
782.111	33
782.127	37
782.142	42
782.158	37
782.173	32
782.189	20
782.204	28
782.220	31
782.235	26
782.251	24
782.266	36
782.282	24
782.297	30
782.313	24
782.328	15
782.344	14
782.359	15
782.375	18
782.390	20
782.406	17
782.421	22
782.437	19
782.452	20
782.468	29
782.483	25
782.499	30
782.514	16
782.530	18
782.545	22
782.561	18
782.576	21
782.592	18
782.607	18
782.622	25
782.638	20
782.653	23
782.669	14
782.684	42
782.700	38
782.715	25
782.731	34
782.746	19
782.762	22
782.777	25
782.793	41
782.808	31
782.824	30
782.839	14
782.854	20
782.870	28
782.885	27
782.901	26
782.916	21
782.932	31
782.947	19
782.963	22
782.978	27
782.993	23
783.009	22
783.024	40
783.040	46
783.055	57
783.071	74
783.086	59
783.102	72
783.117	85
783.132	99
783.148	76
783.163	100
783.179	98
783.194	81
783.210	71
783.225	56
783.240	58
783.256	53
783.271	33
783.287	32
783.302	30
783.318	39
783.333	31
783.348	32
783.364	41
783.379	32
783.395	35
783.410	38
783.426	42
783.441	19
783.456	18
783.472	20
783.487	17
783.503	23
783.518	22
783.533	25
783.549	45
783.564	54
783.580	68
783.595	84
783.610	72
783.626	56
783.641	41
783.657	39
783.672	34
783.687	30
783.703	27
783.718	42
783.734	63
783.749	63
783.764	71
783.780	54
783.795	67
783.811	41
783.826	59
783.841	59
783.857	56
783.872	88
783.888	109
783.903	98
783.918	87
783.934	57
783.949	33
783.964	31
783.980	69
783.995	75
784.011	80
784.026	82
784.041	56
784.057	35
784.072	22
784.087	25
784.103	46
784.118	78
784.134	77
784.149	54
784.164	30
784.180	22
784.195	29
784.210	65
784.226	72
784.241	67
784.256	46
784.272	44
784.287	24
784.302	42
784.318	59
784.333	71
784.349	67
784.364	33
784.379	21
784.395	37
784.410	49
784.425	45
784.441	23
784.456	32
784.471	41
784.487	57
784.502	57
784.517	36
784.533	30
784.548	60
784.563	54
784.579	51
784.594	48
784.609	55
784.625	61
784.640	51
784.655	43
784.671	72
784.686	74
784.701	66
784.717	48
784.732	61
784.747	71
784.763	75
784.778	59
784.793	44
784.809	58
784.824	70
784.839	78
784.854	50
784.870	38
784.885	69
784.900	84
784.916	67
784.931	30
784.946	30
784.962	82
784.977	76
784.992	33
785.008	31
785.023	51
785.038	64
785.053	26
785.069	15
785.084	65
785.099	65
785.115	33
785.130	24
785.145	58
785.161	85
785.176	35
785.191	29
785.206	52
785.222	54
785.237	48
785.252	25
785.268	50
785.283	42
785.298	43
785.313	42
785.329	57
785.344	43
785.359	39
785.375	31
785.390	59
785.405	30
785.420	61
785.436	47
785.451	44
785.466	36
785.481	41
785.497	45
785.512	29
785.527	40
785.543	39
785.558	39
785.573	41
785.588	46
785.604	46
785.619	36
785.634	30
785.649	72
785.665	53
785.680	27
785.695	17
785.710	37
785.726	71
785.741	79
785.756	85
785.771	39
785.787	39
785.802	37
785.817	59
785.832	34
785.848	38
785.863	90
785.878	77
785.893	84
785.909	57
785.924	83
785.939	41
785.954	45
785.970	63
785.985	50
786.000	67
786.015	46
786.030	46
786.046	38
786.061	48
786.076	57
786.091	39
786.107	49
786.122	40
786.137	24
786.152	58
786.168	36
786.183	36
786.198	22
786.213	44
786.228	33
786.244	41
786.259	55
786.274	44
786.289	48
786.304	48
786.320	35
786.335	40
786.350	25
786.365	40
786.381	33
786.396	50
786.411	40
786.426	34
786.441	69
786.457	39
786.472	35
786.487	61
786.502	38
786.517	38
786.533	38
786.548	42
786.563	25
786.578	32
786.593	39
786.608	40
786.624	64
786.639	59
786.654	42
786.669	68
786.684	45
786.700	35
786.715	67
786.730	55
786.745	48
786.760	73
786.775	35
786.791	49
786.806	51
786.821	33
786.836	30
786.851	41
786.867	37
786.882	48
786.897	38
786.912	30
786.927	36
786.942	36
786.958	42
786.973	42
786.988	23
787.003	43
787.018	36
787.033	21
787.049	35
787.064	19
787.079	47
787.094	45
787.109	23
787.124	34
787.139	28
787.155	44
787.170	33
787.185	25
787.200	30
787.215	18
787.230	14
787.245	22
787.261	25
787.276	26
787.291	41
787.306	36
787.321	40
787.336	46
787.351	34
787.367	44
787.382	27
787.397	23
787.412	25
787.427	21
787.442	24
787.457	35
787.472	31
787.488	25
787.503	24
787.518	17
787.533	22
787.548	20
787.563	22
787.578	34
787.593	52
787.609	53
787.624	54
787.639	35
787.654	30
787.669	27
787.684	35
787.699	49
787.714	79
787.730	105
787.745	114
787.760	143
787.775	130
787.790	131
787.805	107
787.820	78
787.835	63
787.850	64
787.865	70
