771.850	14
771.866	14
771.883	10
771.899	7
771.915	17
771.931	17
771.947	13
771.964	20
771.980	7
771.996	15
772.012	12
772.028	8
772.045	8
772.061	8
772.077	19
772.093	14
772.109	9
772.126	20
772.142	15
772.158	16
772.174	2
772.190	12
772.206	20
772.223	18
772.239	15
772.255	5
772.271	21
772.287	17
772.304	12
772.320	5
772.336	12
772.352	15
772.368	11
772.384	13
772.401	13
772.417	9
772.433	14
772.449	9
772.465	5
772.482	9
772.498	5
772.514	2
772.530	16
772.546	21
772.562	8
772.579	18
772.595	7
772.611	10
772.627	13
772.643	11
772.659	12
772.675	20
772.692	6
772.708	4
772.724	12
772.740	9
772.756	10
772.772	7
772.789	8
772.805	9
772.821	13
772.837	10
772.853	17
772.869	11
772.885	12
772.902	6
772.918	10
772.934	19
772.950	13
772.966	15
772.982	22
772.998	7
773.015	1
773.031	16
773.047	26
773.063	18
773.079	7
773.095	14
773.111	7
773.127	20
773.144	15
773.160	12
773.176	7
773.192	13
773.208	9
773.224	10
773.240	12
773.256	10
773.272	19
773.289	12
773.305	15
773.321	19
773.337	17
773.353	4
773.369	8
773.385	12
773.401	9
773.417	11
773.434	19
773.450	10
773.466	16
773.482	20
773.498	18
773.514	15
773.530	14
773.546	21
773.562	16
773.579	17
773.595	14
773.611	11
773.627	20
773.643	15
773.659	14
773.675	15
773.691	10
773.707	14
773.723	13
773.739	19
773.755	20
773.772	8
773.788	18
773.804	10
773.820	13
773.836	5
773.852	18
773.868	11
773.884	13
773.900	14
773.916	20
773.932	13
773.948	21
773.964	19
773.981	6
773.997	20
774.013	22
774.029	5
774.045	9
774.061	14
774.077	11
774.093	22
774.109	20
774.125	12
774.141	12
774.157	0
774.173	13
774.189	8
774.205	12
774.221	12
774.237	9
774.254	5
774.270	17
774.286	14
774.302	14
774.318	17
774.334	18
774.350	13
774.366	18
774.382	15
774.398	7
774.414	5
774.430	10
774.446	18
774.462	11
774.478	20
774.494	18
774.510	21
774.526	15
774.542	16
774.558	20
774.574	10
774.590	4
774.606	8
774.622	14
774.638	11
774.654	1
774.670	13
774.686	11
774.702	10
774.719	13
774.735	11
774.751	11
774.767	7
774.783	14
774.799	20
774.815	9
774.831	12
774.847	12
774.863	12
774.879	6
774.895	12
774.911	12
774.927	11
774.943	15
774.959	6
774.975	11
774.991	14
775.007	16
775.023	14
775.039	12
775.055	10
775.071	14
775.087	9
775.103	14
775.119	15
775.135	17
775.151	15
775.167	13
775.183	21
775.199	17
775.215	20
775.231	16
775.247	10
775.262	14
775.278	11
775.294	15
775.310	9
775.326	11
775.342	13
775.358	12
775.374	8
775.390	11
775.406	10
775.422	17
775.438	15
775.454	23
775.470	16
775.486	13
775.502	23
775.518	14
775.534	20
775.550	23
775.566	16
775.582	13
775.598	13
775.614	8
775.630	5
775.646	12
775.662	16
775.678	6
775.694	17
775.710	5
775.725	14
775.741	14
775.757	10
775.773	5
775.789	13
775.805	17
775.821	11
775.837	3
775.853	3
775.869	10
775.885	16
775.901	6
775.917	10
775.933	18
775.949	11
775.965	19
775.981	6
775.996	4
776.012	6
776.028	20
776.044	10
776.060	12
776.076	14
776.092	13
776.108	2
776.124	11
776.140	15
776.156	16
776.172	10
776.188	6
776.203	13
776.219	8
776.235	15
776.251	14
776.267	12
776.283	10
776.299	13
776.315	18
776.331	24
776.347	13
776.363	12
776.378	23
776.394	14
776.410	5
776.426	-1
776.442	15
776.458	8
776.474	22
776.490	11
776.506	8
776.522	16
776.537	2
776.553	17
776.569	15
776.585	9
776.601	16
776.617	11
776.633	12
776.649	11
776.665	17
776.680	11
776.696	7
776.712	16
776.728	8
776.744	12
776.760	23
776.776	9
776.792	17
776.808	12
776.823	13
776.839	14
776.855	13
776.871	14
776.887	8
776.903	14
776.919	19
776.934	19
776.950	9
776.966	21
776.982	9
776.998	3
777.014	10
777.030	19
777.046	8
777.061	3
777.077	17
777.093	1
777.109	16
777.125	15
777.141	16
777.157	7
777.172	18
777.188	11
777.204	11
777.220	13
777.236	12
777.252	16
777.267	14
777.283	11
777.299	11
777.315	27
777.331	28
777.347	31
777.362	13
777.378	17
777.394	21
777.410	19
777.426	11
777.442	15
777.457	9
777.473	6
777.489	12
777.505	18
777.521	7
777.537	9
777.552	20
777.568	11
777.584	7
777.600	17
777.616	12
777.632	10
777.647	6
777.663	10
777.679	14
777.695	10
777.711	14
777.726	15
777.742	13
777.758	21
777.774	22
777.790	23
777.806	17
777.821	12
777.837	13
777.853	17
777.869	19
777.885	18
777.900	21
777.916	9
777.932	17
777.948	13
777.964	17
777.979	17
777.995	10
778.011	11
778.027	9
778.042	7
778.058	12
778.074	10
778.090	7
778.106	4
778.121	11
778.137	20
778.153	16
778.169	9
778.185	8
778.200	5
778.216	6
778.232	14
778.248	15
778.263	15
778.279	16
778.295	4
778.311	10
778.327	13
778.342	5
778.358	14
778.374	14
778.390	14
778.405	8
778.421	14
778.437	11
778.453	11
778.468	13
778.484	6
778.500	8
778.516	9
778.531	0
778.547	12
778.563	11
778.579	12
778.594	23
778.610	12
778.626	17
778.642	15
778.658	6
778.673	14
778.689	5
778.705	7
778.720	8
778.736	18
778.752	11
778.768	12
778.783	17
778.799	12
778.815	12
778.831	12
778.846	19
778.862	15
778.878	3
778.894	14
778.909	11
778.925	21
778.941	19
778.957	11
778.972	9
778.988	14
779.004	2
779.019	9
779.035	6
779.051	19
779.067	21
779.082	18
779.098	9
779.114	12
779.129	9
779.145	16
779.161	20
779.177	19
779.192	10
779.208	14
779.224	13
779.239	20
779.255	6
779.271	21
779.287	16
779.302	7
779.318	9
779.334	6
779.349	6
779.365	15
779.381	-1
779.396	16
779.412	16
779.428	5
779.444	6
779.459	17
779.475	10
779.491	12
779.506	5
779.522	14
779.538	17
779.553	16
779.569	14
779.585	11
779.600	16
779.616	8
779.632	8
779.647	12
779.663	10
779.679	15
779.695	16
779.710	7
779.726	4
779.742	19
779.757	14
779.773	15
779.789	18
779.804	21
779.820	17
779.836	19
779.851	7
779.867	16
779.883	11
779.898	9
779.914	10
779.930	8
779.945	12
779.961	5
779.977	9
779.992	12
780.008	10
780.023	0
780.039	12
780.055	3
780.070	2
780.086	4
780.102	13
780.117	4
780.133	0
780.149	10
780.164	21
780.180	2
780.196	11
780.211	5
780.227	9
780.243	12
780.258	15
780.274	16
780.289	13
780.305	15
780.321	14
780.336	7
780.352	11
780.368	3
780.383	5
780.399	12
780.414	10
780.430	10
780.446	15
780.461	20
780.477	10
780.493	7
780.508	8
780.524	12
780.539	9
780.555	6
780.571	16
780.586	16
780.602	18
780.618	28
780.633	1
780.649	23
780.664	9
780.680	7
780.696	8
780.711	10
780.727	16
780.742	14
780.758	22
780.774	12
780.789	15
780.805	10
780.820	6
780.836	9
780.852	9
780.867	14
780.883	13
780.898	10
780.914	13
780.930	11
780.945	10
780.961	15
780.976	11
780.992	9
781.008	15
781.023	10
781.039	15
781.054	10
781.070	15
781.085	12
781.101	7
781.117	20
781.132	13
781.148	6
781.163	23
781.179	15
781.194	20
781.210	15
781.226	8
781.241	7
781.257	8
781.272	17
781.288	9
781.303	17
781.319	17
781.335	12
781.350	17
781.366	19
781.381	16
781.397	16
781.412	14
781.428	17
781.443	10
781.459	11
781.475	13
781.490	14
781.506	10
781.521	14
781.537	8
781.552	19
781.568	10
781.583	13
781.599	11
781.614	15
781.630	17
781.646	17
781.661	16
781.677	12
781.692	11
781.708	7
781.723	20
781.739	12
781.754	16
781.770	10
781.785	11
781.801	15
781.816	13
781.832	18
781.848	6
781.863	17
781.879	17
781.894	10
781.910	12
781.925	13
781.941	15
781.956	6
781.972	12
781.987	3
782.003	18
782.018	8
782.034	10
782.049	12
782.065	19
782.080	11
782.096	15
782.111	21
782.127	12
782.142	26
782.158	19
782.173	21
782.189	6
782.204	17
782.220	17
782.235	17
782.251	19
782.266	19
782.282	19
782.297	20
782.313	16
782.328	12
782.344	13
782.359	9
782.375	11
782.390	15
782.406	14
782.421	16
782.437	14
782.452	18
782.468	20
782.483	9
782.499	15
782.514	6
782.530	14
782.545	15
782.561	12
782.576	10
782.592	10
782.607	7
782.622	16
782.638	12
782.653	16
782.669	16
782.684	20
782.700	23
782.715	21
782.731	27
782.746	15
782.762	12
782.777	19
782.793	33
782.808	21
782.824	23
782.839	9
782.854	21
782.870	17
782.885	19
782.901	19
782.916	21
782.932	16
782.947	10
782.963	15
782.978	18
782.993	18
783.009	17
783.024	33
783.040	28
783.055	44
783.071	42
783.086	41
783.102	54
783.117	45
783.132	65
783.148	59
783.163	71
783.179	73
783.194	58
783.210	58
783.225	43
783.240	39
783.256	29
783.271	17
783.287	20
783.302	26
783.318	27
783.333	21
783.348	24
783.364	34
783.379	22
783.395	28
783.410	23
783.426	37
783.441	22
783.456	11
783.472	9
783.487	11
783.503	19
783.518	21
783.533	15
783.549	28
783.564	41
783.580	51
783.595	46
783.610	55
783.626	33
783.641	25
783.657	16
783.672	24
783.687	20
783.703	18
783.718	30
783.734	39
783.749	60
783.764	50
783.780	37
783.795	39
783.811	25
783.826	30
783.841	30
783.857	44
783.872	61
783.888	68
783.903	63
783.918	60
783.934	32
783.949	25
783.964	26
783.980	44
783.995	53
784.011	56
784.026	60
784.041	33
784.057	23
784.072	14
784.087	13
784.103	36
784.118	43
784.134	45
784.149	34
784.164	21
784.180	19
784.195	17
784.210	47
784.226	44
784.241	42
784.256	32
784.272	27
784.287	25
784.302	28
784.318	41
784.333	56
784.349	44
784.364	22
784.379	19
784.395	22
784.410	30
784.425	27
784.441	17
784.456	10
784.471	28
784.487	35
784.502	38
784.517	24
784.533	19
784.548	37
784.563	48
784.579	42
784.594	43
784.609	46
784.625	33
784.640	31
784.655	42
784.671	48
784.686	54
784.701	43
784.717	26
784.732	45
784.747	39
784.763	50
784.778	38
784.793	33
784.809	35
784.824	48
784.839	50
784.854	35
784.870	26
784.885	46
784.900	61
784.916	46
784.931	28
784.946	20
784.962	46
784.977	39
784.992	20
785.008	17
785.023	41
785.038	40
785.053	20
785.069	13
785.084	42
785.099	50
785.115	27
785.130	20
785.145	41
785.161	54
785.176	13
785.191	12
785.206	39
785.222	45
785.237	37
785.252	11
785.268	26
785.283	28
785.298	27
785.313	24
785.329	39
785.344	23
785.359	21
785.375	24
785.390	38
785.405	24
785.420	39
785.436	29
785.451	27
785.466	23
785.481	32
785.497	35
785.512	15
785.527	30
785.543	21
785.558	21
785.573	26
785.588	27
785.604	31
785.619	21
785.634	21
785.649	48
785.665	39
785.680	21
785.695	17
785.710	24
785.726	38
785.741	55
785.756	59
785.771	32
785.787	31
785.802	15
785.817	33
785.832	23
785.848	20
785.863	53
785.878	48
785.893	51
785.909	35
785.924	64
785.939	27
785.954	26
785.970	45
785.985	39
786.000	38
786.015	28
786.030	23
786.046	29
786.061	34
786.076	34
786.091	23
786.107	37
786.122	32
786.137	17
786.152	33
786.168	21
786.183	23
786.198	19
786.213	43
786.228	19
786.244	25
786.259	40
786.274	28
786.289	32
786.304	30
786.320	23
786.335	22
786.350	28
786.365	26
786.381	15
786.396	33
786.411	30
786.426	32
786.441	49
786.457	18
786.472	29
786.487	38
786.502	24
786.517	24
786.533	22
786.548	30
786.563	15
786.578	22
786.593	26
786.608	28
786.624	44
786.639	37
786.654	19
786.669	49
786.684	22
786.700	30
786.715	50
786.730	45
786.745	38
786.760	39
786.775	27
786.791	34
786.806	37
786.821	23
786.836	16
786.851	24
786.867	17
786.882	33
786.897	25
786.912	25
786.927	28
786.942	18
786.958	24
786.973	24
786.988	10
787.003	25
787.018	31
787.033	13
787.049	19
787.064	13
787.079	28
787.094	24
787.109	26
787.124	22
787.139	15
787.155	21
787.170	22
787.185	15
787.200	19
787.215	17
787.230	14
787.245	11
787.261	20
787.276	25
787.291	22
787.306	27
787.321	36
787.336	28
787.351	27
787.367	27
787.382	16
787.397	8
787.412	18
787.427	21
787.442	17
787.457	18
787.472	23
787.488	16
787.503	17
787.518	5
787.533	21
787.548	14
787.563	17
787.578	26
787.593	30
787.609	37
787.624	30
787.639	18
787.654	23
787.669	25
787.684	18
787.699	32
787.714	50
787.730	63
787.745	78
787.760	93
787.775	94
787.790	91
787.805	59
787.820	54
787.835	43
787.850	42
787.865	50
