771.850	-3
771.866	6
771.883	-4
771.899	4
771.915	-3
771.931	3
771.947	2
771.964	6
771.980	2
771.996	4
772.012	4
772.028	3
772.045	1
772.061	8
772.077	-1
772.093	5
772.109	2
772.126	3
772.142	-2
772.158	3
772.174	-5
772.190	2
772.206	5
772.223	5
772.239	1
772.255	-3
772.271	3
772.287	6
772.304	7
772.320	-10
772.336	1
772.352	4
772.368	4
772.384	0
772.401	-5
772.417	0
772.433	1
772.449	1
772.465	-2
772.482	1
772.498	-2
772.514	2
772.530	7
772.546	12
772.562	4
772.579	6
772.595	6
772.611	0
772.627	4
772.643	-6
772.659	2
772.675	10
772.692	-9
772.708	-7
772.724	7
772.740	5
772.756	-2
772.772	1
772.789	5
772.805	-2
772.821	3
772.837	6
772.853	2
772.869	0
772.885	-5
772.902	0
772.918	-4
772.934	-3
772.950	-1
772.966	-3
772.982	6
772.998	3
773.015	-3
773.031	2
773.047	3
773.063	10
773.079	-2
773.095	10
773.111	3
773.127	5
773.144	2
773.160	7
773.176	2
773.192	2
773.208	-2
773.224	8
773.240	-5
773.256	13
773.272	6
773.289	2
773.305	6
773.321	4
773.337	8
773.353	-4
773.369	3
773.385	1
773.401	4
773.417	0
773.434	3
773.450	-2
773.466	6
773.482	3
773.498	2
773.514	6
773.530	-6
773.546	3
773.562	3
773.579	1
773.595	-3
773.611	-3
773.627	5
773.643	6
773.659	-1
773.675	0
773.691	3
773.707	4
773.723	-7
773.739	9
773.755	6
773.772	3
773.788	8
773.804	-1
773.820	1
773.836	0
773.852	4
773.868	1
773.884	-4
773.900	3
773.916	3
773.932	3
773.948	11
773.964	1
773.981	1
773.997	7
774.013	9
774.029	-4
774.045	2
774.061	2
774.077	3
774.093	6
774.109	0
774.125	8
774.141	4
774.157	-6
774.173	-1
774.189	3
774.205	-4
774.221	2
774.237	1
774.254	-6
774.270	5
774.286	9
774.302	1
774.318	5
774.334	-2
774.350	7
774.366	10
774.382	2
774.398	1
774.414	-6
774.430	4
774.446	6
774.462	-3
774.478	5
774.494	4
774.510	3
774.526	5
774.542	-2
774.558	10
774.574	-5
774.590	-6
774.606	0
774.622	2
774.638	5
774.654	-7
774.670	0
774.686	-3
774.702	-5
774.719	-1
774.735	0
774.751	-2
774.767	2
774.783	5
774.799	-3
774.815	3
774.831	3
774.847	8
774.863	-3
774.879	2
774.895	3
774.911	-6
774.927	2
774.943	10
774.959	-1
774.975	9
774.991	0
775.007	8
775.023	1
775.039	3
775.055	5
775.071	2
775.087	0
775.103	2
775.119	0
775.135	1
775.151	2
775.167	0
775.183	8
775.199	8
775.215	-1
775.231	1
775.247	1
775.262	-1
775.278	1
775.294	-3
775.310	-4
775.326	0
775.342	-2
775.358	5
775.374	-3
775.390	-5
775.406	4
775.422	-2
775.438	4
775.454	5
775.470	0
775.486	0
775.502	4
775.518	-3
775.534	1
775.550	1
775.566	2
775.582	5
775.598	1
775.614	-8
775.630	-1
775.646	2
775.662	6
775.678	-4
775.694	0
775.710	-2
775.725	5
775.741	3
775.757	-1
775.773	0
775.789	3
775.805	8
775.821	-2
775.837	-3
775.853	-2
775.869	-3
775.885	4
775.901	5
775.917	2
775.933	2
775.949	-1
775.965	11
775.981	-3
775.996	2
776.012	3
776.028	6
776.044	1
776.060	4
776.076	-2
776.092	2
776.108	-8
776.124	0
776.140	7
776.156	7
776.172	-1
776.188	-1
776.203	2
776.219	-8
776.235	5
776.251	2
776.267	7
776.283	-5
776.299	4
776.315	8
776.331	4
776.347	-1
776.363	1
776.378	1
776.394	1
776.410	0
776.426	3
776.442	2
776.458	2
776.474	4
776.490	-2
776.506	5
776.522	1
776.537	-3
776.553	7
776.569	6
776.585	1
776.601	3
776.617	0
776.633	0
776.649	-6
776.665	1
776.680	-2
776.696	-3
776.712	-1
776.728	4
776.744	0
776.760	6
776.776	2
776.792	0
776.808	2
776.823	0
776.839	1
776.855	5
776.871	0
776.887	-3
776.903	5
776.919	11
776.934	-1
776.950	2
776.966	10
776.982	0
776.998	2
777.014	3
777.030	4
777.046	5
777.061	-5
777.077	12
777.093	0
777.109	0
777.125	1
777.141	7
777.157	7
777.172	1
777.188	9
777.204	-2
777.220	6
777.236	-5
777.252	3
777.267	2
777.283	0
777.299	0
777.315	9
777.331	3
777.347	12
777.362	6
777.378	9
777.394	-3
777.410	-1
777.426	-1
777.442	4
777.457	4
777.473	-3
777.489	0
777.505	7
777.521	-3
777.537	-1
777.552	5
777.568	-1
777.584	1
777.600	3
777.616	-6
777.632	0
777.647	5
777.663	-2
777.679	-6
777.695	-1
777.711	1
777.726	0
777.742	1
777.758	-1
777.774	7
777.790	-1
777.806	6
777.821	-3
777.837	-6
777.853	-2
777.869	6
777.885	4
777.900	2
777.916	-4
777.932	6
777.948	5
777.964	4
777.979	3
777.995	11
778.011	3
778.027	3
778.042	0
778.058	-4
778.074	6
778.090	-3
778.106	-6
778.121	-4
778.137	5
778.153	-2
778.169	-5
778.185	0
778.200	-5
778.216	-3
778.232	-1
778.248	7
778.263	2
778.279	1
778.295	-5
778.311	0
778.327	3
778.342	-2
778.358	4
778.374	0
778.390	4
778.405	3
778.421	8
778.437	4
778.453	0
778.468	1
778.484	-2
778.500	-7
778.516	-2
778.531	-10
778.547	5
778.563	6
778.579	2
778.594	1
778.610	2
778.626	2
778.642	0
778.658	-5
778.673	-2
778.689	-1
778.705	4
778.720	-1
778.736	1
778.752	2
778.768	3
778.783	3
778.799	4
778.815	4
778.831	1
778.846	0
778.862	4
778.878	-2
778.894	6
778.909	5
778.925	4
778.941	0
778.957	11
778.972	1
778.988	9
779.004	3
779.019	0
779.035	-3
779.051	0
779.067	5
779.082	3
779.098	-1
779.114	7
779.129	-1
779.145	7
779.161	1
779.177	4
779.192	7
779.208	6
779.224	4
779.239	3
779.255	-5
779.271	4
779.287	-1
779.302	1
779.318	2
779.334	3
779.349	-10
779.365	4
779.381	-3
779.396	3
779.412	0
779.428	1
779.444	-4
779.459	3
779.475	-3
779.491	3
779.506	1
779.522	6
779.538	0
779.553	5
779.569	-1
779.585	9
779.600	11
779.616	5
779.632	-1
779.647	-7
779.663	7
779.679	2
779.695	3
779.710	1
779.726	-6
779.742	2
779.757	-2
779.773	5
779.789	5
779.804	3
779.820	2
779.836	16
779.851	2
779.867	-1
779.883	-3
779.898	5
779.914	0
779.930	0
779.945	7
779.961	3
779.977	-2
779.992	4
780.008	7
780.023	-1
780.039	4
780.055	6
780.070	-9
780.086	-4
780.102	1
780.117	-4
780.133	-4
780.149	3
780.164	6
780.180	-6
780.196	0
780.211	-7
780.227	-2
780.243	1
780.258	4
780.274	-3
780.289	1
780.305	2
780.321	3
780.336	-6
780.352	-4
780.368	0
780.383	6
780.399	7
780.414	0
780.430	-1
780.446	8
780.461	5
780.477	-2
780.493	-9
780.508	3
780.524	3
780.539	5
780.555	-6
780.571	-1
780.586	4
780.602	10
780.618	10
780.633	0
780.649	8
780.664	0
780.680	0
780.696	5
780.711	-2
780.727	5
780.742	4
780.758	9
780.774	1
780.789	6
780.805	-3
780.820	5
780.836	4
780.852	7
780.867	-3
780.883	11
780.898	0
780.914	-1
780.930	4
780.945	6
780.961	6
780.976	3
780.992	0
781.008	6
781.023	3
781.039	4
781.054	0
781.070	6
781.085	4
781.101	-1
781.117	10
781.132	7
781.148	-1
781.163	12
781.179	3
781.194	3
781.210	-2
781.226	7
781.241	-3
781.257	-5
781.272	2
781.288	2
781.303	6
781.319	4
781.335	-2
781.350	9
781.366	3
781.381	5
781.397	12
781.412	-3
781.428	6
781.443	0
781.459	1
781.475	2
781.490	3
781.506	4
781.521	4
781.537	3
781.552	8
781.568	-5
781.583	4
781.599	6
781.614	-4
781.630	6
781.646	5
781.661	3
781.677	7
781.692	3
781.708	0
781.723	10
781.739	3
781.754	7
781.770	3
781.785	3
781.801	3
781.816	1
781.832	6
781.848	-3
781.863	8
781.879	7
781.894	0
781.910	5
781.925	2
781.941	-2
781.956	-2
781.972	2
781.987	-4
782.003	4
782.018	-2
782.034	3
782.049	2
782.065	0
782.080	1
782.096	1
782.111	10
782.127	-2
782.142	-1
782.158	-7
782.173	3
782.189	3
782.204	2
782.220	-1
782.235	2
782.251	11
782.266	7
782.282	3
782.297	2
782.313	2
782.328	0
782.344	10
782.359	-6
782.375	-4
782.390	7
782.406	6
782.421	0
782.437	3
782.452	0
782.468	8
782.483	4
782.499	4
782.514	0
782.530	-4
782.545	5
782.561	-2
782.576	4
782.592	9
782.607	-2
782.622	8
782.638	3
782.653	3
782.669	-8
782.684	8
782.700	4
782.715	0
782.731	13
782.746	1
782.762	-6
782.777	5
782.793	5
782.808	2
782.824	11
782.839	-3
782.854	5
782.870	-2
782.885	0
782.901	3
782.916	4
782.932	0
782.947	-4
782.963	5
782.978	6
782.993	0
783.009	-2
783.024	4
783.040	10
783.055	7
783.071	1
783.086	9
783.102	9
783.117	7
783.132	15
783.148	5
783.163	14
783.179	11
783.194	6
783.210	11
783.225	5
783.240	4
783.256	9
783.271	2
783.287	4
783.302	5
783.318	6
783.333	8
783.348	3
783.364	5
783.379	2
783.395	4
783.410	-11
783.426	4
783.441	2
783.456	-2
783.472	2
783.487	4
783.503	2
783.518	-1
783.533	-5
783.549	5
783.564	7
783.580	2
783.595	16
783.610	4
783.626	3
783.641	8
783.657	-3
783.672	5
783.687	-4
783.703	10
783.718	6
783.734	10
783.749	10
783.764	8
783.780	14
783.795	13
783.811	0
783.826	11
783.841	8
783.857	6
783.872	13
783.888	7
783.903	14
783.918	6
783.934	4
783.949	8
783.964	7
783.980	10
783.995	14
784.011	5
784.026	10
784.041	1
784.057	4
784.072	3
784.087	-7
784.103	7
784.118	16
784.134	5
784.149	-2
784.164	2
784.180	2
784.195	-1
784.210	5
784.226	8
784.241	-2
784.256	-2
784.272	12
784.287	4
784.302	3
784.318	0
784.333	11
784.349	9
784.364	1
784.379	5
784.395	0
784.410	1
784.425	-1
784.441	2
784.456	2
784.471	1
784.487	13
784.502	16
784.517	3
784.533	2
784.548	7
784.563	7
784.579	11
784.594	8
784.609	-1
784.625	-6
784.640	6
784.655	1
784.671	12
784.686	12
784.701	9
784.717	-1
784.732	6
784.747	7
784.763	11
784.778	6
784.793	7
784.809	1
784.824	5
784.839	4
784.854	3
784.870	0
784.885	0
784.900	20
784.916	9
784.931	3
784.946	5
784.962	10
784.977	11
784.992	0
785.008	2
785.023	9
785.038	3
785.053	6
785.069	-1
785.084	7
785.099	8
785.115	4
785.130	-1
785.145	9
785.161	14
785.176	6
785.191	-3
785.206	2
785.222	-8
785.237	13
785.252	-5
785.268	8
785.283	-3
785.298	7
785.313	5
785.329	6
785.344	1
785.359	3
785.375	-3
785.390	0
785.405	-1
785.420	7
785.436	-6
785.451	8
785.466	-1
785.481	3
785.497	1
785.512	5
785.527	4
785.543	-5
785.558	-1
785.573	4
785.588	6
785.604	9
785.619	5
785.634	-1
785.649	10
785.665	0
785.680	4
785.695	0
785.710	-4
785.726	12
785.741	2
785.756	16
785.771	7
785.787	6
785.802	-3
785.817	5
785.832	6
785.848	-2
785.863	6
785.878	-1
785.893	7
785.909	-11
785.924	13
785.939	13
785.954	2
785.970	11
785.985	0
786.000	8
786.015	9
786.030	12
786.046	7
786.061	-1
786.076	4
786.091	10
786.107	1
786.122	2
786.137	-6
786.152	8
786.168	4
786.183	3
786.198	-4
786.213	8
786.228	6
786.244	5
786.259	10
786.274	13
786.289	5
786.304	2
786.320	-5
786.335	6
786.350	5
786.365	4
786.381	-2
786.396	1
786.411	14
786.426	2
786.441	6
786.457	-7
786.472	1
786.487	-6
786.502	5
786.517	-1
786.533	-2
786.548	4
786.563	3
786.578	7
786.593	0
786.608	6
786.624	3
786.639	-4
786.654	11
786.669	4
786.684	0
786.700	4
786.715	8
786.730	-1
786.745	6
786.760	3
786.775	5
786.791	3
786.806	6
786.821	0
786.836	-4
786.851	6
786.867	3
786.882	5
786.897	3
786.912	6
786.927	-2
786.942	1
786.958	5
786.973	2
786.988	7
787.003	3
787.018	2
787.033	-2
787.049	-5
787.064	-5
787.079	8
787.094	2
787.109	3
787.124	0
787.139	0
787.155	13
787.170	2
787.185	10
787.200	4
787.215	0
787.230	-1
787.245	2
787.261	7
787.276	4
787.291	-6
787.306	8
787.321	7
787.336	-3
787.351	4
787.367	6
787.382	7
787.397	-3
787.412	7
787.427	-2
787.442	8
787.457	7
787.472	5
787.488	1
787.503	-2
787.518	6
787.533	3
787.548	-2
787.563	7
787.578	-1
787.593	-3
787.609	8
787.624	3
787.639	5
787.654	11
787.669	5
787.684	0
787.699	14
787.714	12
787.730	0
787.745	2
787.760	6
787.775	4
787.790	16
787.805	12
787.820	8
787.835	5
787.850	15
787.865	5
