771.850	8
771.866	8
771.883	6
771.899	16
771.915	13
771.931	2
771.947	12
771.964	6
771.980	12
771.996	11
772.012	7
772.028	5
772.045	5
772.061	9
772.077	5
772.093	14
772.109	6
772.126	13
772.142	1
772.158	8
772.174	0
772.190	0
772.206	9
772.223	7
772.239	7
772.255	4
772.271	14
772.287	9
772.304	8
772.320	-6
772.336	11
772.352	7
772.368	8
772.384	4
772.401	2
772.417	4
772.433	15
772.449	6
772.465	9
772.482	4
772.498	2
772.514	8
772.530	5
772.546	16
772.562	10
772.579	10
772.595	8
772.611	11
772.627	4
772.643	8
772.659	4
772.675	9
772.692	-5
772.708	3
772.724	5
772.740	11
772.756	3
772.772	12
772.789	8
772.805	12
772.821	9
772.837	11
772.853	7
772.869	3
772.885	4
772.902	0
772.918	11
772.934	12
772.950	11
772.966	6
772.982	19
772.998	4
773.015	4
773.031	7
773.047	14
773.063	16
773.079	4
773.095	12
773.111	9
773.127	10
773.144	12
773.160	14
773.176	8
773.192	4
773.208	11
773.224	13
773.240	1
773.256	8
773.272	6
773.289	1
773.305	10
773.321	11
773.337	11
773.353	6
773.369	12
773.385	6
773.401	7
773.417	8
773.434	10
773.450	3
773.466	8
773.482	17
773.498	7
773.514	10
773.530	6
773.546	14
773.562	11
773.579	12
773.595	7
773.611	6
773.627	15
773.643	11
773.659	8
773.675	8
773.691	7
773.707	4
773.723	1
773.739	13
773.755	15
773.772	4
773.788	12
773.804	4
773.820	7
773.836	1
773.852	14
773.868	13
773.884	7
773.900	19
773.916	17
773.932	4
773.948	10
773.964	10
773.981	10
773.997	8
774.013	10
774.029	5
774.045	12
774.061	8
774.077	5
774.093	19
774.109	9
774.125	4
774.141	7
774.157	-1
774.173	2
774.189	3
774.205	3
774.221	8
774.237	10
774.254	2
774.270	3
774.286	12
774.302	6
774.318	12
774.334	9
774.350	9
774.366	14
774.382	5
774.398	5
774.414	-1
774.430	8
774.446	8
774.462	4
774.478	8
774.494	10
774.510	20
774.526	6
774.542	4
774.558	6
774.574	4
774.590	8
774.606	4
774.622	9
774.638	10
774.654	0
774.670	1
774.686	3
774.702	4
774.719	10
774.735	3
774.751	3
774.767	4
774.783	10
774.799	7
774.815	2
774.831	9
774.847	18
774.863	6
774.879	0
774.895	7
774.911	6
774.927	5
774.943	15
774.959	3
774.975	11
774.991	7
775.007	9
775.023	9
775.039	4
775.055	2
775.071	8
775.087	1
775.103	16
775.119	7
775.135	5
775.151	11
775.167	9
775.183	9
775.199	11
775.215	13
775.231	6
775.247	18
775.262	7
775.278	6
775.294	8
775.310	5
775.326	1
775.342	5
775.358	11
775.374	9
775.390	6
775.406	9
775.422	1
775.438	11
775.454	9
775.470	4
775.486	-1
775.502	12
775.518	6
775.534	16
775.550	11
775.566	9
775.582	11
775.598	6
775.614	-2
775.630	10
775.646	10
775.662	15
775.678	4
775.694	9
775.710	3
775.725	7
775.741	9
775.757	-2
775.773	1
775.789	8
775.805	15
775.821	8
775.837	-5
775.853	-3
775.869	6
775.885	8
775.901	9
775.917	0
775.933	13
775.949	4
775.965	10
775.981	5
775.996	11
776.012	7
776.028	13
776.044	0
776.060	13
776.076	0
776.092	6
776.108	6
776.124	9
776.140	7
776.156	10
776.172	8
776.188	3
776.203	10
776.219	0
776.235	11
776.251	5
776.267	6
776.283	9
776.299	6
776.315	15
776.331	12
776.347	10
776.363	11
776.378	6
776.394	13
776.410	3
776.426	2
776.442	13
776.458	8
776.474	13
776.490	16
776.506	5
776.522	11
776.537	6
776.553	7
776.569	6
776.585	7
776.601	10
776.617	2
776.633	6
776.649	3
776.665	9
776.680	0
776.696	0
776.712	11
776.728	10
776.744	4
776.760	11
776.776	11
776.792	9
776.808	2
776.823	10
776.839	7
776.855	8
776.871	3
776.887	3
776.903	10
776.919	8
776.934	1
776.950	5
776.966	9
776.982	3
776.998	2
777.014	10
777.030	13
777.046	4
777.061	9
777.077	13
777.093	4
777.109	8
777.125	13
777.141	12
777.157	5
777.172	6
777.188	13
777.204	4
777.220	13
777.236	8
777.252	6
777.267	12
777.283	5
777.299	0
777.315	14
777.331	18
777.347	16
777.362	0
777.378	10
777.394	5
777.410	11
777.426	8
777.442	14
777.457	10
777.473	1
777.489	12
777.505	5
777.521	4
777.537	4
777.552	5
777.568	3
777.584	2
777.600	8
777.616	5
777.632	14
777.647	1
777.663	1
777.679	10
777.695	4
777.711	10
777.726	6
777.742	5
777.758	13
777.774	17
777.790	9
777.806	12
777.821	10
777.837	5
777.853	7
777.869	13
777.885	22
777.900	13
777.916	6
777.932	9
777.948	10
777.964	6
777.979	8
777.995	8
778.011	9
778.027	7
778.042	4
778.058	1
778.074	8
778.090	7
778.106	6
778.121	8
778.137	3
778.153	6
778.169	4
778.185	2
778.200	3
778.216	2
778.232	5
778.248	10
778.263	10
778.279	9
778.295	0
778.311	6
778.327	6
778.342	8
778.358	12
778.374	6
778.390	8
778.405	10
778.421	15
778.437	12
778.453	11
778.468	13
778.484	2
778.500	3
778.516	4
778.531	0
778.547	9
778.563	5
778.579	3
778.594	9
778.610	10
778.626	10
778.642	8
778.658	6
778.673	10
778.689	7
778.705	13
778.720	5
778.736	11
778.752	5
778.768	7
778.783	9
778.799	10
778.815	4
778.831	8
778.846	1
778.862	12
778.878	9
778.894	8
778.909	16
778.925	13
778.941	18
778.957	9
778.972	3
778.988	8
779.004	2
779.019	2
779.035	4
779.051	12
779.067	4
779.082	13
779.098	8
779.114	13
779.129	4
779.145	16
779.161	12
779.177	5
779.192	6
779.208	11
779.224	8
779.239	9
779.255	4
779.271	16
779.287	11
779.302	1
779.318	8
779.334	5
779.349	1
779.365	5
779.381	0
779.396	4
779.412	4
779.428	0
779.444	2
779.459	11
779.475	5
779.491	6
779.506	1
779.522	7
779.538	10
779.553	15
779.569	3
779.585	10
779.600	11
779.616	-1
779.632	6
779.647	4
779.663	8
779.679	9
779.695	10
779.710	2
779.726	1
779.742	6
779.757	0
779.773	14
779.789	10
779.804	11
779.820	19
779.836	17
779.851	7
779.867	3
779.883	4
779.898	2
779.914	4
779.930	4
779.945	-2
779.961	7
779.977	4
779.992	3
780.008	7
780.023	-2
780.039	5
780.055	5
780.070	2
780.086	5
780.102	4
780.117	4
780.133	4
780.149	11
780.164	15
780.180	-1
780.196	4
780.211	4
780.227	0
780.243	10
780.258	4
780.274	7
780.289	8
780.305	8
780.321	16
780.336	1
780.352	8
780.368	3
780.383	4
780.399	6
780.414	7
780.430	9
780.446	9
780.461	8
780.477	6
780.493	16
780.508	3
780.524	1
780.539	9
780.555	-4
780.571	11
780.586	4
780.602	6
780.618	19
780.633	-1
780.649	12
780.664	8
780.680	8
780.696	5
780.711	6
780.727	14
780.742	12
780.758	17
780.774	12
780.789	3
780.805	3
780.820	8
780.836	6
780.852	10
780.867	7
780.883	8
780.898	11
780.914	6
780.930	8
780.945	4
780.961	14
780.976	10
780.992	8
781.008	6
781.023	3
781.039	6
781.054	9
781.070	18
781.085	8
781.101	-1
781.117	9
781.132	11
781.148	2
781.163	15
781.179	8
781.194	10
781.210	9
781.226	4
781.241	6
781.257	5
781.272	7
781.288	2
781.303	13
781.319	8
781.335	2
781.350	14
781.366	17
781.381	16
781.397	10
781.412	7
781.428	4
781.443	6
781.459	3
781.475	9
781.490	5
781.506	9
781.521	3
781.537	10
781.552	8
781.568	9
781.583	10
781.599	9
781.614	10
781.630	7
781.646	7
781.661	11
781.677	12
781.692	5
781.708	6
781.723	9
781.739	5
781.754	10
781.770	4
781.785	-1
781.801	11
781.816	4
781.832	17
781.848	8
781.863	14
781.879	15
781.894	14
781.910	14
781.925	15
781.941	7
781.956	5
781.972	5
781.987	2
782.003	10
782.018	2
782.034	11
782.049	1
782.065	10
782.080	9
782.096	7
782.111	22
782.127	13
782.142	16
782.158	12
782.173	14
782.189	7
782.204	6
782.220	12
782.235	8
782.251	10
782.266	13
782.282	12
782.297	17
782.313	14
782.328	6
782.344	10
782.359	7
782.375	0
782.390	9
782.406	7
782.421	7
782.437	9
782.452	9
782.468	16
782.483	7
782.499	12
782.514	8
782.530	5
782.545	10
782.561	5
782.576	5
782.592	7
782.607	9
782.622	11
782.638	9
782.653	6
782.669	10
782.684	21
782.700	13
782.715	16
782.731	16
782.746	8
782.762	13
782.777	7
782.793	24
782.808	10
782.824	10
782.839	13
782.854	11
782.870	9
782.885	16
782.901	11
782.916	8
782.932	8
782.947	3
782.963	14
782.978	10
782.993	10
783.009	12
783.024	17
783.040	28
783.055	24
783.071	26
783.086	24
783.102	32
783.117	32
783.132	39
783.148	32
783.163	39
783.179	39
783.194	27
783.210	36
783.225	16
783.240	21
783.256	22
783.271	8
783.287	11
783.302	18
783.318	19
783.333	19
783.348	14
783.364	27
783.379	25
783.395	13
783.410	7
783.426	21
783.441	9
783.456	1
783.472	4
783.487	10
783.503	11
783.518	15
783.533	17
783.549	18
783.564	32
783.580	26
783.595	24
783.610	30
783.626	34
783.641	17
783.657	14
783.672	12
783.687	5
783.703	16
783.718	24
783.734	31
783.749	37
783.764	36
783.780	21
783.795	28
783.811	17
783.826	23
783.841	24
783.857	22
783.872	31
783.888	40
783.903	50
783.918	37
783.934	25
783.949	14
783.964	17
783.980	32
783.995	41
784.011	40
784.026	33
784.041	20
784.057	16
784.072	9
784.087	6
784.103	22
784.118	27
784.134	23
784.149	16
784.164	13
784.180	9
784.195	8
784.210	24
784.226	32
784.241	27
784.256	17
784.272	21
784.287	15
784.302	20
784.318	19
784.333	32
784.349	25
784.364	13
784.379	6
784.395	12
784.410	23
784.425	13
784.441	7
784.456	11
784.471	19
784.487	29
784.502	25
784.517	14
784.533	6
784.548	19
784.563	20
784.579	22
784.594	21
784.609	28
784.625	15
784.640	14
784.655	19
784.671	34
784.686	36
784.701	24
784.717	15
784.732	17
784.747	28
784.763	30
784.778	24
784.793	19
784.809	28
784.824	28
784.839	30
784.854	22
784.870	13
784.885	23
784.900	32
784.916	25
784.931	13
784.946	4
784.962	28
784.977	31
784.992	10
785.008	9
785.023	19
785.038	24
785.053	15
785.069	10
785.084	27
785.099	23
785.115	24
785.130	11
785.145	25
785.161	43
785.176	9
785.191	5
785.206	19
785.222	24
785.237	20
785.252	12
785.268	23
785.283	19
785.298	16
785.313	20
785.329	23
785.344	12
785.359	11
785.375	6
785.390	20
785.405	21
785.420	27
785.436	17
785.451	20
785.466	10
785.481	20
785.497	25
785.512	12
785.527	12
785.543	9
785.558	15
785.573	10
785.588	13
785.604	26
785.619	14
785.634	9
785.649	32
785.665	16
785.680	14
785.695	5
785.710	16
785.726	22
785.741	21
785.756	42
785.771	15
785.787	17
785.802	24
785.817	23
785.832	11
785.848	8
785.863	26
785.878	29
785.893	27
785.909	23
785.924	32
785.939	25
785.954	22
785.970	28
785.985	21
786.000	24
786.015	21
786.030	16
786.046	19
786.061	24
786.076	29
786.091	18
786.107	18
786.122	18
786.137	18
786.152	28
786.168	22
786.183	19
786.198	11
786.213	21
786.228	6
786.244	15
786.259	23
786.274	19
786.289	18
786.304	18
786.320	7
786.335	14
786.350	21
786.365	17
786.381	16
786.396	14
786.411	24
786.426	14
786.441	37
786.457	10
786.472	18
786.487	26
786.502	6
786.517	14
786.533	12
786.548	23
786.563	7
786.578	5
786.593	7
786.608	20
786.624	22
786.639	20
786.654	20
786.669	24
786.684	10
786.700	14
786.715	21
786.730	22
786.745	19
786.760	23
786.775	11
786.791	20
786.806	15
786.821	14
786.836	7
786.851	12
786.867	12
786.882	19
786.897	16
786.912	9
786.927	14
786.942	13
786.958	16
786.973	19
786.988	9
787.003	7
787.018	13
787.033	9
787.049	4
787.064	10
787.079	16
787.094	19
787.109	13
787.124	11
787.139	10
787.155	22
787.170	11
787.185	8
787.200	15
787.215	8
787.230	3
787.245	6
787.261	10
787.276	16
787.291	13
787.306	13
787.321	18
787.336	14
787.351	10
787.367	16
787.382	11
787.397	3
787.412	14
787.427	4
787.442	14
787.457	12
787.472	9
787.488	17
787.503	9
787.518	5
787.533	5
787.548	5
787.563	16
787.578	15
787.593	24
787.609	22
787.624	15
787.639	14
787.654	14
787.669	14
787.684	8
787.699	18
787.714	28
787.730	26
787.745	42
787.760	53
787.775	54
787.790	51
787.805	36
787.820	38
787.835	21
787.850	39
787.865	25
