771.850	11
771.866	17
771.883	4
771.899	17
771.915	19
771.931	4
771.947	12
771.964	17
771.980	14
771.996	11
772.012	12
772.028	10
772.045	9
772.061	9
772.077	7
772.093	12
772.109	16
772.126	13
772.142	9
772.158	17
772.174	7
772.190	10
772.206	14
772.223	15
772.239	13
772.255	3
772.271	16
772.287	9
772.304	16
772.320	5
772.336	11
772.352	12
772.368	14
772.384	10
772.401	9
772.417	11
772.433	14
772.449	11
772.465	9
772.482	10
772.498	10
772.514	6
772.530	12
772.546	19
772.562	18
772.579	14
772.595	11
772.611	15
772.627	6
772.643	10
772.659	12
772.675	10
772.692	5
772.708	9
772.724	11
772.740	8
772.756	7
772.772	15
772.789	10
772.805	8
772.821	16
772.837	18
772.853	10
772.869	10
772.885	6
772.902	6
772.918	9
772.934	13
772.950	20
772.966	17
772.982	15
772.998	11
773.015	1
773.031	11
773.047	22
773.063	18
773.079	8
773.095	20
773.111	9
773.127	16
773.144	17
773.160	12
773.176	11
773.192	10
773.208	9
773.224	13
773.240	7
773.256	17
773.272	17
773.289	13
773.305	22
773.321	17
773.337	13
773.353	1
773.369	14
773.385	11
773.401	12
773.417	12
773.434	15
773.450	9
773.466	13
773.482	16
773.498	17
773.514	12
773.530	19
773.546	15
773.562	17
773.579	17
773.595	15
773.611	16
773.627	19
773.643	11
773.659	9
773.675	14
773.691	20
773.707	18
773.723	5
773.739	20
773.755	13
773.772	14
773.788	12
773.804	6
773.820	16
773.836	0
773.852	19
773.868	8
773.884	13
773.900	25
773.916	18
773.932	16
773.948	22
773.964	23
773.981	15
773.997	21
774.013	18
774.029	0
774.045	13
774.061	12
774.077	12
774.093	15
774.109	19
774.125	8
774.141	12
774.157	-1
774.173	11
774.189	11
774.205	5
774.221	7
774.237	14
774.254	10
774.270	11
774.286	19
774.302	14
774.318	21
774.334	16
774.350	13
774.366	10
774.382	11
774.398	10
774.414	7
774.430	12
774.446	14
774.462	11
774.478	21
774.494	17
774.510	18
774.526	4
774.542	9
774.558	14
774.574	9
774.590	5
774.606	8
774.622	14
774.638	13
774.654	4
774.670	17
774.686	10
774.702	7
774.719	11
774.735	11
774.751	13
774.767	13
774.783	13
774.799	13
774.815	17
774.831	15
774.847	15
774.863	12
774.879	10
774.895	16
774.911	17
774.927	17
774.943	17
774.959	5
774.975	15
774.991	19
775.007	20
775.023	12
775.039	13
775.055	17
775.071	11
775.087	12
775.103	17
775.119	18
775.135	8
775.151	18
775.167	13
775.183	18
775.199	18
775.215	15
775.231	10
775.247	9
775.262	6
775.278	12
775.294	12
775.310	10
775.326	11
775.342	11
775.358	12
775.374	5
775.390	6
775.406	12
775.422	13
775.438	17
775.454	15
775.470	8
775.486	15
775.502	26
775.518	19
775.534	20
775.550	17
775.566	17
775.582	12
775.598	7
775.614	6
775.630	9
775.646	19
775.662	15
775.678	7
775.694	9
775.710	7
775.725	16
775.741	16
775.757	11
775.773	13
775.789	15
775.805	22
775.821	3
775.837	6
775.853	0
775.869	6
775.885	16
775.901	18
775.917	12
775.933	11
775.949	8
775.965	14
775.981	3
775.996	12
776.012	10
776.028	17
776.044	6
776.060	15
776.076	14
776.092	10
776.108	4
776.124	9
776.140	16
776.156	23
776.172	11
776.188	9
776.203	12
776.219	10
776.235	20
776.251	21
776.267	3
776.283	4
776.299	15
776.315	14
776.331	22
776.347	11
776.363	13
776.378	19
776.394	9
776.410	9
776.426	9
776.442	14
776.458	14
776.474	13
776.490	12
776.506	14
776.522	17
776.537	9
776.553	14
776.569	11
776.585	11
776.601	12
776.617	8
776.633	9
776.649	9
776.665	15
776.680	5
776.696	14
776.712	17
776.728	12
776.744	19
776.760	15
776.776	16
776.792	7
776.808	15
776.823	9
776.839	10
776.855	14
776.871	12
776.887	14
776.903	18
776.919	13
776.934	8
776.950	10
776.966	10
776.982	6
776.998	5
777.014	11
777.030	19
777.046	13
777.061	7
777.077	15
777.093	10
777.109	15
777.125	14
777.141	11
777.157	13
777.172	9
777.188	16
777.204	12
777.220	21
777.236	8
777.252	12
777.267	12
777.283	13
777.299	7
777.315	17
777.331	27
777.347	25
777.362	16
777.378	26
777.394	19
777.410	24
777.426	13
777.442	17
777.457	11
777.473	9
777.489	15
777.505	10
777.521	16
777.537	9
777.552	17
777.568	16
777.584	2
777.600	13
777.616	10
777.632	3
777.647	6
777.663	6
777.679	13
777.695	8
777.711	17
777.726	14
777.742	14
777.758	25
777.774	24
777.790	17
777.806	15
777.821	10
777.837	11
777.853	22
777.869	16
777.885	20
777.900	12
777.916	2
777.932	17
777.948	18
777.964	15
777.979	9
777.995	8
778.011	13
778.027	8
778.042	9
778.058	10
778.074	13
778.090	9
778.106	4
778.121	11
778.137	7
778.153	15
778.169	5
778.185	2
778.200	9
778.216	8
778.232	13
778.248	15
778.263	12
778.279	12
778.295	4
778.311	9
778.327	11
778.342	6
778.358	14
778.374	15
778.390	9
778.405	8
778.421	18
778.437	14
778.453	5
778.468	10
778.484	10
778.500	4
778.516	8
778.531	2
778.547	15
778.563	13
778.579	12
778.594	18
778.610	15
778.626	13
778.642	9
778.658	12
778.673	6
778.689	14
778.705	12
778.720	4
778.736	10
778.752	15
778.768	15
778.783	10
778.799	17
778.815	12
778.831	10
778.846	14
778.862	15
778.878	12
778.894	10
778.909	16
778.925	17
778.941	14
778.957	13
778.972	9
778.988	17
779.004	6
779.019	9
779.035	13
779.051	13
779.067	19
779.082	19
779.098	10
779.114	15
779.129	3
779.145	22
779.161	15
779.177	14
779.192	11
779.208	14
779.224	10
779.239	15
779.255	12
779.271	18
779.287	9
779.302	8
779.318	13
779.334	12
779.349	9
779.365	6
779.381	4
779.396	13
779.412	13
779.428	5
779.444	2
779.459	11
779.475	4
779.491	8
779.506	5
779.522	5
779.538	8
779.553	13
779.569	9
779.585	7
779.600	21
779.616	7
779.632	9
779.647	11
779.663	8
779.679	19
779.695	15
779.710	15
779.726	6
779.742	13
779.757	9
779.773	19
779.789	12
779.804	23
779.820	17
779.836	18
779.851	9
779.867	7
779.883	8
779.898	10
779.914	14
779.930	8
779.945	2
779.961	10
779.977	9
779.992	9
780.008	7
780.023	3
780.039	8
780.055	11
780.070	5
780.086	11
780.102	11
780.117	2
780.133	7
780.149	10
780.164	17
780.180	8
780.196	6
780.211	2
780.227	11
780.243	9
780.258	11
780.274	13
780.289	17
780.305	15
780.321	15
780.336	11
780.352	5
780.368	2
780.383	10
780.399	11
780.414	6
780.430	10
780.446	11
780.461	15
780.477	14
780.493	4
780.508	5
780.524	11
780.539	14
780.555	1
780.571	5
780.586	11
780.602	18
780.618	20
780.633	0
780.649	17
780.664	11
780.680	0
780.696	14
780.711	4
780.727	19
780.742	11
780.758	22
780.774	12
780.789	12
780.805	12
780.820	13
780.836	8
780.852	9
780.867	12
780.883	10
780.898	19
780.914	9
780.930	9
780.945	10
780.961	10
780.976	15
780.992	9
781.008	16
781.023	6
781.039	12
781.054	12
781.070	15
781.085	15
781.101	6
781.117	12
781.132	19
781.148	7
781.163	12
781.179	13
781.194	10
781.210	12
781.226	10
781.241	9
781.257	4
781.272	15
781.288	10
781.303	14
781.319	13
781.335	12
781.350	15
781.366	21
781.381	15
781.397	16
781.412	14
781.428	23
781.443	13
781.459	7
781.475	9
781.490	9
781.506	11
781.521	18
781.537	15
781.552	13
781.568	11
781.583	19
781.599	11
781.614	13
781.630	20
781.646	9
781.661	18
781.677	14
781.692	9
781.708	2
781.723	18
781.739	14
781.754	7
781.770	10
781.785	6
781.801	19
781.816	6
781.832	17
781.848	9
781.863	17
781.879	28
781.894	10
781.910	16
781.925	16
781.941	13
781.956	7
781.972	11
781.987	11
782.003	10
782.018	7
782.034	10
782.049	9
782.065	15
782.080	14
782.096	24
782.111	25
782.127	18
782.142	25
782.158	18
782.173	21
782.189	13
782.204	17
782.220	10
782.235	14
782.251	18
782.266	17
782.282	19
782.297	17
782.313	26
782.328	11
782.344	14
782.359	10
782.375	13
782.390	14
782.406	12
782.421	17
782.437	20
782.452	21
782.468	16
782.483	14
782.499	21
782.514	9
782.530	11
782.545	14
782.561	7
782.576	16
782.592	12
782.607	18
782.622	13
782.638	13
782.653	15
782.669	12
782.684	24
782.700	27
782.715	18
782.731	24
782.746	14
782.762	11
782.777	19
782.793	29
782.808	15
782.824	24
782.839	17
782.854	23
782.870	14
782.885	22
782.901	13
782.916	15
782.932	14
782.947	13
782.963	15
782.978	18
782.993	16
783.009	12
783.024	19
783.040	35
783.055	38
783.071	42
783.086	43
783.102	50
783.117	53
783.132	58
783.148	61
783.163	69
783.179	68
783.194	51
783.210	56
783.225	38
783.240	36
783.256	31
783.271	16
783.287	18
783.302	24
783.318	25
783.333	22
783.348	16
783.364	31
783.379	27
783.395	19
783.410	20
783.426	33
783.441	16
783.456	10
783.472	17
783.487	10
783.503	21
783.518	19
783.533	11
783.549	30
783.564	30
783.580	50
783.595	53
783.610	51
783.626	40
783.641	25
783.657	18
783.672	18
783.687	19
783.703	27
783.718	29
783.734	39
783.749	44
783.764	46
783.780	39
783.795	38
783.811	17
783.826	33
783.841	37
783.857	39
783.872	55
783.888	76
783.903	70
783.918	65
783.934	37
783.949	25
783.964	24
783.980	44
783.995	57
784.011	58
784.026	55
784.041	29
784.057	16
784.072	18
784.087	10
784.103	30
784.118	52
784.134	41
784.149	38
784.164	24
784.180	15
784.195	27
784.210	44
784.226	46
784.241	37
784.256	30
784.272	29
784.287	19
784.302	24
784.318	39
784.333	44
784.349	40
784.364	19
784.379	9
784.395	23
784.410	36
784.425	24
784.441	15
784.456	17
784.471	25
784.487	40
784.502	38
784.517	31
784.533	19
784.548	31
784.563	40
784.579	40
784.594	32
784.609	37
784.625	33
784.640	32
784.655	28
784.671	47
784.686	49
784.701	41
784.717	20
784.732	26
784.747	56
784.763	45
784.778	38
784.793	29
784.809	34
784.824	40
784.839	56
784.854	30
784.870	22
784.885	39
784.900	60
784.916	40
784.931	22
784.946	19
784.962	44
784.977	40
784.992	22
785.008	20
785.023	36
785.038	45
785.053	14
785.069	15
785.084	42
785.099	34
785.115	24
785.130	12
785.145	45
785.161	52
785.176	25
785.191	10
785.206	27
785.222	47
785.237	36
785.252	9
785.268	31
785.283	23
785.298	28
785.313	30
785.329	43
785.344	23
785.359	22
785.375	21
785.390	41
785.405	20
785.420	46
785.436	27
785.451	34
785.466	20
785.481	22
785.497	35
785.512	23
785.527	18
785.543	26
785.558	20
785.573	19
785.588	29
785.604	39
785.619	17
785.634	24
785.649	40
785.665	29
785.680	17
785.695	15
785.710	20
785.726	53
785.741	45
785.756	59
785.771	22
785.787	32
785.802	33
785.817	38
785.832	23
785.848	22
785.863	55
785.878	49
785.893	52
785.909	29
785.924	44
785.939	31
785.954	33
785.970	39
785.985	32
786.000	46
786.015	27
786.030	29
786.046	28
786.061	29
786.076	41
786.091	23
786.107	33
786.122	27
786.137	21
786.152	39
786.168	24
786.183	23
786.198	9
786.213	34
786.228	17
786.244	23
786.259	33
786.274	32
786.289	26
786.304	20
786.320	15
786.335	21
786.350	23
786.365	23
786.381	16
786.396	36
786.411	32
786.426	21
786.441	49
786.457	16
786.472	27
786.487	40
786.502	27
786.517	14
786.533	20
786.548	26
786.563	13
786.578	13
786.593	23
786.608	27
786.624	40
786.639	45
786.654	23
786.669	38
786.684	25
786.700	23
786.715	42
786.730	39
786.745	36
786.760	37
786.775	24
786.791	28
786.806	27
786.821	17
786.836	20
786.851	30
786.867	20
786.882	24
786.897	34
786.912	21
786.927	26
786.942	17
786.958	24
786.973	35
786.988	20
787.003	30
787.018	28
787.033	5
787.049	25
787.064	15
787.079	24
787.094	24
787.109	12
787.124	17
787.139	16
787.155	26
787.170	26
787.185	15
787.200	18
787.215	18
787.230	13
787.245	20
787.261	12
787.276	10
787.291	19
787.306	27
787.321	31
787.336	22
787.351	15
787.367	24
787.382	23
787.397	8
787.412	17
787.427	15
787.442	15
787.457	24
787.472	16
787.488	16
787.503	5
787.518	5
787.533	17
787.548	12
787.563	21
787.578	23
787.593	34
787.609	39
787.624	26
787.639	17
787.654	24
787.669	23
787.684	23
787.699	28
787.714	37
787.730	55
787.745	65
787.760	92
787.775	76
787.790	79
787.805	74
787.820	46
787.835	44
787.850	40
787.865	47
