771.850	11
771.866	16
771.883	11
771.899	13
771.915	11
771.931	8
771.947	14
771.964	10
771.980	12
771.996	7
772.012	14
772.028	8
772.045	15
772.061	17
772.077	11
772.093	9
772.109	11
772.126	16
772.142	14
772.158	14
772.174	9
772.190	5
772.206	17
772.223	9
772.239	12
772.255	12
772.271	19
772.287	14
772.304	13
772.320	6
772.336	26
772.352	11
772.368	15
772.384	5
772.401	12
772.417	10
772.433	22
772.449	13
772.465	16
772.482	10
772.498	4
772.514	11
772.530	14
772.546	20
772.562	13
772.579	12
772.595	19
772.611	10
772.627	10
772.643	10
772.659	8
772.675	17
772.692	5
772.708	6
772.724	10
772.740	13
772.756	7
772.772	5
772.789	9
772.805	16
772.821	16
772.837	16
772.853	9
772.869	15
772.885	12
772.902	-2
772.918	9
772.934	14
772.950	10
772.966	7
772.982	18
772.998	8
773.015	9
773.031	13
773.047	16
773.063	13
773.079	11
773.095	15
773.111	21
773.127	19
773.144	22
773.160	9
773.176	11
773.192	12
773.208	15
773.224	16
773.240	6
773.256	10
773.272	16
773.289	11
773.305	14
773.321	20
773.337	18
773.353	11
773.369	16
773.385	14
773.401	7
773.417	16
773.434	15
773.450	7
773.466	17
773.482	17
773.498	11
773.514	11
773.530	2
773.546	13
773.562	14
773.579	13
773.595	8
773.611	14
773.627	19
773.643	19
773.659	13
773.675	13
773.691	13
773.707	18
773.723	11
773.739	16
773.755	22
773.772	12
773.788	19
773.804	8
773.820	19
773.836	11
773.852	15
773.868	13
773.884	22
773.900	13
773.916	12
773.932	12
773.948	19
773.964	17
773.981	12
773.997	19
774.013	20
774.029	10
774.045	20
774.061	18
774.077	19
774.093	21
774.109	14
774.125	19
774.141	8
774.157	6
774.173	10
774.189	17
774.205	9
774.221	13
774.237	15
774.254	4
774.270	14
774.286	13
774.302	19
774.318	16
774.334	12
774.350	11
774.366	14
774.382	15
774.398	11
774.414	7
774.430	10
774.446	17
774.462	10
774.478	20
774.494	13
774.510	19
774.526	13
774.542	6
774.558	15
774.574	5
774.590	7
774.606	13
774.622	20
774.638	18
774.654	11
774.670	10
774.686	9
774.702	9
774.719	15
774.735	11
774.751	7
774.767	8
774.783	14
774.799	8
774.815	10
774.831	13
774.847	11
774.863	15
774.879	12
774.895	9
774.911	13
774.927	8
774.943	13
774.959	17
774.975	12
774.991	13
775.007	13
775.023	9
775.039	18
775.055	9
775.071	11
775.087	17
775.103	21
775.119	12
775.135	9
775.151	8
775.167	14
775.183	16
775.199	15
775.215	11
775.231	14
775.247	18
775.262	14
775.278	5
775.294	14
775.310	11
775.326	18
775.342	9
775.358	12
775.374	8
775.390	10
775.406	16
775.422	13
775.438	18
775.454	11
775.470	13
775.486	4
775.502	26
775.518	15
775.534	12
775.550	10
775.566	9
775.582	12
775.598	11
775.614	10
775.630	13
775.646	17
775.662	20
775.678	7
775.694	11
775.710	15
775.725	14
775.741	9
775.757	8
775.773	14
775.789	17
775.805	18
775.821	15
775.837	14
775.853	4
775.869	11
775.885	13
775.901	18
775.917	18
775.933	12
775.949	11
775.965	19
775.981	9
775.996	11
776.012	11
776.028	14
776.044	11
776.060	13
776.076	13
776.092	14
776.108	4
776.124	13
776.140	14
776.156	11
776.172	3
776.188	15
776.203	14
776.219	8
776.235	9
776.251	7
776.267	11
776.283	13
776.299	8
776.315	9
776.331	14
776.347	11
776.363	10
776.378	20
776.394	15
776.410	15
776.426	14
776.442	15
776.458	10
776.474	20
776.490	10
776.506	15
776.522	14
776.537	14
776.553	15
776.569	11
776.585	10
776.601	16
776.617	8
776.633	14
776.649	10
776.665	15
776.680	4
776.696	6
776.712	18
776.728	10
776.744	12
776.760	22
776.776	12
776.792	14
776.808	15
776.823	13
776.839	18
776.855	16
776.871	10
776.887	11
776.903	15
776.919	18
776.934	9
776.950	11
776.966	20
776.982	9
776.998	8
777.014	12
777.030	23
777.046	11
777.061	8
777.077	17
777.093	6
777.109	17
777.125	20
777.141	20
777.157	12
777.172	5
777.188	18
777.204	16
777.220	14
777.236	9
777.252	13
777.267	20
777.283	10
777.299	12
777.315	17
777.331	19
777.347	20
777.362	14
777.378	13
777.394	7
777.410	13
777.426	12
777.442	18
777.457	14
777.473	15
777.489	20
777.505	19
777.521	10
777.537	7
777.552	21
777.568	13
777.584	14
777.600	17
777.616	10
777.632	10
777.647	16
777.663	9
777.679	12
777.695	10
777.711	17
777.726	12
777.742	13
777.758	20
777.774	17
777.790	15
777.806	15
777.821	11
777.837	15
777.853	14
777.869	22
777.885	23
777.900	12
777.916	10
777.932	22
777.948	11
777.964	16
777.979	14
777.995	15
778.011	16
778.027	10
778.042	18
778.058	16
778.074	22
778.090	10
778.106	9
778.121	18
778.137	20
778.153	13
778.169	13
778.185	13
778.200	14
778.216	14
778.232	12
778.248	14
778.263	14
778.279	15
778.295	5
778.311	14
778.327	19
778.342	5
778.358	13
778.374	8
778.390	13
778.405	12
778.421	19
778.437	16
778.453	14
778.468	15
778.484	11
778.500	4
778.516	16
778.531	2
778.547	13
778.563	15
778.579	14
778.594	17
778.610	13
778.626	15
778.642	13
778.658	8
778.673	12
778.689	16
778.705	18
778.720	7
778.736	16
778.752	10
778.768	9
778.783	2
778.799	16
778.815	17
778.831	17
778.846	14
778.862	11
778.878	14
778.894	20
778.909	18
778.925	21
778.941	10
778.957	7
778.972	12
778.988	15
779.004	10
779.019	10
779.035	7
779.051	17
779.067	16
779.082	13
779.098	8
779.114	16
779.129	5
779.145	17
779.161	18
779.177	12
779.192	14
779.208	16
779.224	10
779.239	7
779.255	11
779.271	17
779.287	15
779.302	12
779.318	25
779.334	14
779.349	9
779.365	10
779.381	-1
779.396	15
779.412	17
779.428	13
779.444	9
779.459	22
779.475	5
779.491	13
779.506	12
779.522	13
779.538	11
779.553	17
779.569	9
779.585	14
779.600	21
779.616	5
779.632	7
779.647	6
779.663	12
779.679	14
779.695	15
779.710	16
779.726	1
779.742	13
779.757	8
779.773	14
779.789	19
779.804	15
779.820	21
779.836	25
779.851	4
779.867	9
779.883	11
779.898	10
779.914	7
779.930	12
779.945	15
779.961	9
779.977	6
779.992	13
780.008	12
780.023	9
780.039	18
780.055	15
780.070	5
780.086	0
780.102	5
780.117	5
780.133	7
780.149	17
780.164	15
780.180	4
780.196	8
780.211	9
780.227	9
780.243	12
780.258	12
780.274	8
780.289	12
780.305	11
780.321	17
780.336	4
780.352	6
780.368	11
780.383	5
780.399	8
780.414	12
780.430	14
780.446	14
780.461	11
780.477	4
780.493	16
780.508	6
780.524	10
780.539	17
780.555	-1
780.571	12
780.586	18
780.602	15
780.618	21
780.633	14
780.649	19
780.664	10
780.680	6
780.696	10
780.711	10
780.727	10
780.742	18
780.758	21
780.774	12
780.789	7
780.805	10
780.820	16
780.836	10
780.852	13
780.867	18
780.883	9
780.898	14
780.914	11
780.930	8
780.945	12
780.961	14
780.976	12
780.992	7
781.008	15
781.023	12
781.039	6
781.054	8
781.070	13
781.085	14
781.101	12
781.117	18
781.132	11
781.148	15
781.163	8
781.179	12
781.194	16
781.210	13
781.226	9
781.241	7
781.257	15
781.272	17
781.288	11
781.303	24
781.319	15
781.335	11
781.350	14
781.366	24
781.381	17
781.397	20
781.412	14
781.428	10
781.443	13
781.459	9
781.475	8
781.490	13
781.506	10
781.521	16
781.537	13
781.552	15
781.568	10
781.583	13
781.599	12
781.614	15
781.630	12
781.646	10
781.661	17
781.677	10
781.692	15
781.708	10
781.723	13
781.739	16
781.754	13
781.770	10
781.785	14
781.801	16
781.816	4
781.832	20
781.848	9
781.863	13
781.879	16
781.894	16
781.910	9
781.925	23
781.941	16
781.956	12
781.972	14
781.987	10
782.003	17
782.018	13
782.034	11
782.049	10
782.065	24
782.080	12
782.096	12
782.111	23
782.127	14
782.142	9
782.158	14
782.173	13
782.189	15
782.204	14
782.220	2
782.235	17
782.251	21
782.266	18
782.282	14
782.297	14
782.313	17
782.328	15
782.344	20
782.359	12
782.375	9
782.390	13
782.406	20
782.421	20
782.437	20
782.452	17
782.468	25
782.483	13
782.499	16
782.514	14
782.530	14
782.545	21
782.561	13
782.576	15
782.592	13
782.607	18
782.622	16
782.638	10
782.653	19
782.669	17
782.684	18
782.700	12
782.715	17
782.731	22
782.746	20
782.762	20
782.777	27
782.793	23
782.808	14
782.824	25
782.839	19
782.854	15
782.870	14
782.885	21
782.901	18
782.916	21
782.932	12
782.947	14
782.963	23
782.978	21
782.993	27
783.009	24
783.024	22
783.040	36
783.055	22
783.071	34
783.086	31
783.102	39
783.117	29
783.132	31
783.148	26
783.163	32
783.179	24
783.194	29
783.210	34
783.225	34
783.240	29
783.256	35
783.271	26
783.287	33
783.302	33
783.318	43
783.333	40
783.348	25
783.364	44
783.379	30
783.395	39
783.410	27
783.426	40
783.441	36
783.456	26
783.472	25
783.487	29
783.503	29
783.518	30
783.533	30
783.549	36
783.564	37
783.580	31
783.595	34
783.610	34
783.626	35
783.641	23
783.657	20
783.672	38
783.687	25
783.703	37
783.718	37
783.734	44
783.749	40
783.764	39
783.780	32
783.795	34
783.811	33
783.826	42
783.841	35
783.857	30
783.872	38
783.888	35
783.903	40
783.918	36
783.934	42
783.949	38
783.964	34
783.980	52
783.995	45
784.011	42
784.026	36
784.041	26
784.057	36
784.072	37
784.087	37
784.103	39
784.118	46
784.134	40
784.149	32
784.164	38
784.180	38
784.195	37
784.210	46
784.226	39
784.241	34
784.256	27
784.272	43
784.287	42
784.302	31
784.318	35
784.333	39
784.349	34
784.364	36
784.379	39
784.395	30
784.410	35
784.425	33
784.441	35
784.456	25
784.471	31
784.487	35
784.502	46
784.517	37
784.533	27
784.548	33
784.563	36
784.579	40
784.594	42
784.609	24
784.625	28
784.640	26
784.655	33
784.671	40
784.686	41
784.701	39
784.717	24
784.732	34
784.747	39
784.763	36
784.778	34
784.793	37
784.809	38
784.824	36
784.839	29
784.854	47
784.870	37
784.885	37
784.900	37
784.916	34
784.931	43
784.946	36
784.962	37
784.977	31
784.992	32
785.008	31
785.023	41
785.038	32
785.053	39
785.069	33
785.084	32
785.099	39
785.115	35
785.130	35
785.145	37
785.161	43
785.176	40
785.191	24
785.206	30
785.222	27
785.237	30
785.252	31
785.268	40
785.283	32
785.298	38
785.313	37
785.329	31
785.344	36
785.359	29
785.375	34
785.390	32
785.405	35
785.420	39
785.436	30
785.451	33
785.466	27
785.481	30
785.497	28
785.512	34
785.527	21
785.543	27
785.558	27
785.573	34
785.588	22
785.604	36
785.619	34
785.634	33
785.649	33
785.665	26
785.680	38
785.695	24
785.710	33
785.726	32
785.741	30
785.756	46
785.771	28
785.787	31
785.802	35
785.817	31
785.832	37
785.848	21
785.863	33
785.878	31
785.893	33
785.909	31
785.924	33
785.939	38
785.954	38
785.970	41
785.985	38
786.000	32
786.015	47
786.030	37
786.046	43
786.061	31
786.076	42
786.091	34
786.107	30
786.122	31
786.137	38
786.152	34
786.168	38
786.183	30
786.198	32
786.213	31
786.228	25
786.244	41
786.259	29
786.274	44
786.289	27
786.304	35
786.320	29
786.335	29
786.350	31
786.365	31
786.381	35
786.396	36
786.411	37
786.426	30
786.441	25
786.457	26
786.472	37
786.487	19
786.502	23
786.517	31
786.533	31
786.548	34
786.563	19
786.578	28
786.593	27
786.608	34
786.624	25
786.639	27
786.654	36
786.669	27
786.684	21
786.700	32
786.715	40
786.730	36
786.745	37
786.760	23
786.775	31
786.791	27
786.806	30
786.821	33
786.836	28
786.851	36
786.867	24
786.882	31
786.897	32
786.912	24
786.927	26
786.942	33
786.958	31
786.973	25
786.988	18
787.003	26
787.018	24
787.033	25
787.049	31
787.064	21
787.079	25
787.094	30
787.109	28
787.124	29
787.139	26
787.155	24
787.170	27
787.185	26
787.200	26
787.215	26
787.230	19
787.245	26
787.261	29
787.276	28
787.291	25
787.306	34
787.321	25
787.336	20
787.351	24
787.367	25
787.382	23
787.397	25
787.412	29
787.427	15
787.442	21
787.457	24
787.472	17
787.488	22
787.503	24
787.518	24
787.533	19
787.548	23
787.563	27
787.578	30
787.593	31
787.609	24
787.624	28
787.639	27
787.654	41
787.669	38
787.684	37
787.699	35
787.714	41
787.730	29
787.745	44
787.760	43
787.775	35
787.790	40
787.805	38
787.820	36
787.835	39
787.850	47
787.865	53
