771.850	15
771.866	20
771.883	9
771.899	10
771.915	23
771.931	14
771.947	14
771.964	14
771.980	16
771.996	9
772.012	17
772.028	11
772.045	9
772.061	9
772.077	10
772.093	22
772.109	13
772.126	17
772.142	9
772.158	20
772.174	8
772.190	7
772.206	14
772.223	14
772.239	13
772.255	13
772.271	20
772.287	16
772.304	15
772.320	9
772.336	10
772.352	11
772.368	20
772.384	18
772.401	14
772.417	20
772.433	15
772.449	14
772.465	13
772.482	16
772.498	8
772.514	10
772.530	14
772.546	21
772.562	17
772.579	20
772.595	10
772.611	15
772.627	9
772.643	8
772.659	13
772.675	15
772.692	4
772.708	9
772.724	11
772.740	9
772.756	7
772.772	14
772.789	14
772.805	16
772.821	15
772.837	7
772.853	10
772.869	10
772.885	20
772.902	5
772.918	15
772.934	19
772.950	13
772.966	10
772.982	18
772.998	7
773.015	3
773.031	10
773.047	12
773.063	20
773.079	10
773.095	16
773.111	7
773.127	26
773.144	10
773.160	18
773.176	9
773.192	12
773.208	15
773.224	15
773.240	12
773.256	15
773.272	13
773.289	16
773.305	10
773.321	18
773.337	17
773.353	8
773.369	15
773.385	14
773.401	15
773.417	12
773.434	14
773.450	9
773.466	17
773.482	12
773.498	15
773.514	19
773.530	24
773.546	21
773.562	20
773.579	18
773.595	17
773.611	13
773.627	21
773.643	8
773.659	18
773.675	16
773.691	12
773.707	8
773.723	9
773.739	20
773.755	20
773.772	13
773.788	18
773.804	11
773.820	16
773.836	4
773.852	16
773.868	12
773.884	11
773.900	19
773.916	21
773.932	10
773.948	24
773.964	20
773.981	11
773.997	19
774.013	23
774.029	10
774.045	11
774.061	16
774.077	18
774.093	21
774.109	9
774.125	16
774.141	8
774.157	5
774.173	9
774.189	7
774.205	7
774.221	1
774.237	14
774.254	10
774.270	14
774.286	22
774.302	7
774.318	20
774.334	20
774.350	20
774.366	13
774.382	16
774.398	10
774.414	5
774.430	13
774.446	14
774.462	14
774.478	12
774.494	18
774.510	18
774.526	14
774.542	7
774.558	17
774.574	13
774.590	2
774.606	10
774.622	13
774.638	7
774.654	7
774.670	13
774.686	6
774.702	7
774.719	14
774.735	21
774.751	10
774.767	14
774.783	12
774.799	11
774.815	13
774.831	13
774.847	20
774.863	16
774.879	2
774.895	14
774.911	12
774.927	11
774.943	21
774.959	17
774.975	13
774.991	13
775.007	20
775.023	6
775.039	13
775.055	16
775.071	15
775.087	7
775.103	12
775.119	15
775.135	17
775.151	13
775.167	13
775.183	24
775.199	14
775.215	12
775.231	5
775.247	12
775.262	16
775.278	12
775.294	12
775.310	7
775.326	7
775.342	18
775.358	15
775.374	10
775.390	8
775.406	13
775.422	13
775.438	24
775.454	17
775.470	9
775.486	13
775.502	20
775.518	12
775.534	18
775.550	12
775.566	8
775.582	17
775.598	14
775.614	11
775.630	12
775.646	17
775.662	17
775.678	7
775.694	18
775.710	6
775.725	8
775.741	13
775.757	6
775.773	8
775.789	16
775.805	21
775.821	9
775.837	7
775.853	3
775.869	9
775.885	11
775.901	13
775.917	7
775.933	15
775.949	11
775.965	13
775.981	15
775.996	10
776.012	9
776.028	15
776.044	15
776.060	5
776.076	12
776.092	11
776.108	8
776.124	10
776.140	12
776.156	24
776.172	10
776.188	7
776.203	20
776.219	11
776.235	19
776.251	15
776.267	10
776.283	11
776.299	14
776.315	20
776.331	20
776.347	16
776.363	16
776.378	22
776.394	10
776.410	10
776.426	9
776.442	13
776.458	14
776.474	10
776.490	18
776.506	11
776.522	16
776.537	1
776.553	15
776.569	11
776.585	13
776.601	19
776.617	12
776.633	12
776.649	13
776.665	19
776.680	13
776.696	10
776.712	18
776.728	13
776.744	11
776.760	16
776.776	18
776.792	13
776.808	15
776.823	15
776.839	15
776.855	13
776.871	4
776.887	10
776.903	20
776.919	21
776.934	14
776.950	10
776.966	15
776.982	13
776.998	10
777.014	11
777.030	15
777.046	11
777.061	14
777.077	15
777.093	11
777.109	16
777.125	6
777.141	16
777.157	10
777.172	11
777.188	16
777.204	11
777.220	15
777.236	13
777.252	12
777.267	19
777.283	13
777.299	14
777.315	23
777.331	28
777.347	30
777.362	11
777.378	18
777.394	21
777.410	25
777.426	13
777.442	17
777.457	10
777.473	9
777.489	7
777.505	19
777.521	11
777.537	9
777.552	25
777.568	9
777.584	9
777.600	12
777.616	10
777.632	9
777.647	9
777.663	10
777.679	16
777.695	12
777.711	16
777.726	16
777.742	15
777.758	26
777.774	26
777.790	15
777.806	20
777.821	2
777.837	19
777.853	13
777.869	19
777.885	29
777.900	18
777.916	15
777.932	18
777.948	15
777.964	12
777.979	20
777.995	16
778.011	13
778.027	14
778.042	12
778.058	9
778.074	11
778.090	9
778.106	6
778.121	13
778.137	17
778.153	15
778.169	11
778.185	12
778.200	11
778.216	6
778.232	13
778.248	13
778.263	12
778.279	16
778.295	2
778.311	13
778.327	15
778.342	6
778.358	12
778.374	11
778.390	10
778.405	19
778.421	15
778.437	18
778.453	13
778.468	16
778.484	3
778.500	1
778.516	8
778.531	9
778.547	16
778.563	10
778.579	12
778.594	21
778.610	16
778.626	16
778.642	7
778.658	4
778.673	9
778.689	17
778.705	14
778.720	5
778.736	17
778.752	6
778.768	11
778.783	14
778.799	17
778.815	16
778.831	15
778.846	10
778.862	8
778.878	13
778.894	15
778.909	15
778.925	14
778.941	22
778.957	16
778.972	10
778.988	18
779.004	7
779.019	14
779.035	5
779.051	19
779.067	26
779.082	13
779.098	17
779.114	17
779.129	12
779.145	16
779.161	17
779.177	10
779.192	13
779.208	14
779.224	17
779.239	9
779.255	8
779.271	16
779.287	12
779.302	9
779.318	14
779.334	12
779.349	7
779.365	11
779.381	0
779.396	14
779.412	10
779.428	7
779.444	5
779.459	14
779.475	5
779.491	8
779.506	4
779.522	15
779.538	14
779.553	14
779.569	8
779.585	10
779.600	12
779.616	4
779.632	9
779.647	12
779.663	13
779.679	16
779.695	15
779.710	10
779.726	7
779.742	17
779.757	15
779.773	17
779.789	12
779.804	21
779.820	17
779.836	21
779.851	7
779.867	10
779.883	11
779.898	11
779.914	10
779.930	15
779.945	15
779.961	11
779.977	11
779.992	16
780.008	15
780.023	-2
780.039	10
780.055	10
780.070	6
780.086	4
780.102	5
780.117	8
780.133	6
780.149	13
780.164	22
780.180	4
780.196	8
780.211	2
780.227	8
780.243	10
780.258	13
780.274	10
780.289	19
780.305	6
780.321	19
780.336	0
780.352	4
780.368	7
780.383	12
780.399	11
780.414	15
780.430	15
780.446	9
780.461	15
780.477	8
780.493	2
780.508	6
780.524	13
780.539	15
780.555	0
780.571	13
780.586	11
780.602	18
780.618	21
780.633	5
780.649	13
780.664	13
780.680	14
780.696	8
780.711	13
780.727	21
780.742	10
780.758	22
780.774	21
780.789	19
780.805	9
780.820	14
780.836	10
780.852	12
780.867	15
780.883	22
780.898	17
780.914	11
780.930	14
780.945	14
780.961	12
780.976	10
780.992	11
781.008	20
781.023	10
781.039	12
781.054	18
781.070	13
781.085	15
781.101	0
781.117	17
781.132	17
781.148	13
781.163	16
781.179	13
781.194	10
781.210	14
781.226	7
781.241	12
781.257	8
781.272	10
781.288	12
781.303	13
781.319	15
781.335	19
781.350	13
781.366	28
781.381	10
781.397	22
781.412	16
781.428	18
781.443	10
781.459	19
781.475	15
781.490	13
781.506	15
781.521	15
781.537	20
781.552	20
781.568	17
781.583	20
781.599	11
781.614	15
781.630	6
781.646	17
781.661	11
781.677	10
781.692	6
781.708	5
781.723	14
781.739	17
781.754	9
781.770	13
781.785	9
781.801	20
781.816	8
781.832	13
781.848	12
781.863	21
781.879	21
781.894	7
781.910	14
781.925	22
781.941	11
781.956	13
781.972	10
781.987	18
782.003	17
782.018	5
782.034	11
782.049	14
782.065	20
782.080	19
782.096	24
782.111	27
782.127	17
782.142	26
782.158	21
782.173	15
782.189	11
782.204	21
782.220	21
782.235	12
782.251	26
782.266	20
782.282	27
782.297	18
782.313	18
782.328	12
782.344	16
782.359	15
782.375	14
782.390	6
782.406	17
782.421	14
782.437	12
782.452	19
782.468	20
782.483	17
782.499	18
782.514	7
782.530	11
782.545	15
782.561	13
782.576	13
782.592	8
782.607	14
782.622	17
782.638	9
782.653	9
782.669	14
782.684	30
782.700	25
782.715	20
782.731	20
782.746	8
782.762	15
782.777	23
782.793	28
782.808	19
782.824	24
782.839	9
782.854	14
782.870	15
782.885	18
782.901	12
782.916	20
782.932	15
782.947	13
782.963	17
782.978	11
782.993	12
783.009	16
783.024	23
783.040	35
783.055	41
783.071	44
783.086	44
783.102	55
783.117	64
783.132	65
783.148	60
783.163	67
783.179	65
783.194	54
783.210	56
783.225	51
783.240	44
783.256	38
783.271	16
783.287	26
783.302	22
783.318	24
783.333	22
783.348	14
783.364	26
783.379	24
783.395	24
783.410	20
783.426	35
783.441	19
783.456	10
783.472	8
783.487	10
783.503	22
783.518	23
783.533	20
783.549	39
783.564	34
783.580	48
783.595	54
783.610	44
783.626	33
783.641	26
783.657	28
783.672	20
783.687	24
783.703	20
783.718	28
783.734	52
783.749	48
783.764	53
783.780	36
783.795	45
783.811	30
783.826	32
783.841	35
783.857	42
783.872	72
783.888	69
783.903	65
783.918	66
783.934	37
783.949	20
783.964	25
783.980	46
783.995	58
784.011	62
784.026	56
784.041	37
784.057	27
784.072	12
784.087	14
784.103	37
784.118	50
784.134	51
784.149	32
784.164	18
784.180	14
784.195	27
784.210	48
784.226	51
784.241	40
784.256	26
784.272	31
784.287	21
784.302	30
784.318	47
784.333	51
784.349	48
784.364	23
784.379	18
784.395	25
784.410	34
784.425	27
784.441	19
784.456	15
784.471	29
784.487	37
784.502	35
784.517	32
784.533	27
784.548	38
784.563	41
784.579	35
784.594	37
784.609	38
784.625	35
784.640	28
784.655	31
784.671	45
784.686	61
784.701	47
784.717	31
784.732	25
784.747	42
784.763	52
784.778	37
784.793	31
784.809	44
784.824	37
784.839	52
784.854	31
784.870	20
784.885	46
784.900	64
784.916	50
784.931	23
784.946	22
784.962	48
784.977	37
784.992	27
785.008	18
785.023	37
785.038	39
785.053	26
785.069	11
785.084	46
785.099	43
785.115	28
785.130	14
785.145	41
785.161	62
785.176	15
785.191	16
785.206	31
785.222	42
785.237	32
785.252	11
785.268	39
785.283	30
785.298	26
785.313	25
785.329	46
785.344	24
785.359	21
785.375	23
785.390	40
785.405	23
785.420	35
785.436	23
785.451	23
785.466	22
785.481	25
785.497	36
785.512	19
785.527	25
785.543	23
785.558	16
785.573	25
785.588	22
785.604	36
785.619	24
785.634	19
785.649	52
785.665	40
785.680	21
785.695	17
785.710	28
785.726	51
785.741	41
785.756	57
785.771	26
785.787	28
785.802	31
785.817	32
785.832	13
785.848	26
785.863	53
785.878	46
785.893	61
785.909	34
785.924	50
785.939	35
785.954	29
785.970	36
785.985	26
786.000	41
786.015	34
786.030	25
786.046	27
786.061	31
786.076	42
786.091	26
786.107	24
786.122	28
786.137	24
786.152	35
786.168	32
786.183	24
786.198	13
786.213	33
786.228	20
786.244	36
786.259	37
786.274	31
786.289	30
786.304	25
786.320	19
786.335	24
786.350	26
786.365	28
786.381	24
786.396	31
786.411	36
786.426	16
786.441	40
786.457	28
786.472	27
786.487	40
786.502	23
786.517	23
786.533	30
786.548	25
786.563	15
786.578	20
786.593	26
786.608	33
786.624	43
786.639	33
786.654	32
786.669	43
786.684	31
786.700	29
786.715	53
786.730	39
786.745	33
786.760	37
786.775	19
786.791	32
786.806	31
786.821	26
786.836	20
786.851	28
786.867	21
786.882	33
786.897	27
786.912	14
786.927	31
786.942	25
786.958	34
786.973	37
786.988	23
787.003	25
787.018	26
787.033	9
787.049	20
787.064	15
787.079	27
787.094	26
787.109	19
787.124	15
787.139	22
787.155	29
787.170	33
787.185	26
787.200	24
787.215	14
787.230	12
787.245	25
787.261	15
787.276	15
787.291	24
787.306	35
787.321	29
787.336	27
787.351	20
787.367	33
787.382	19
787.397	7
787.412	19
787.427	11
787.442	15
787.457	20
787.472	24
787.488	19
787.503	15
787.518	12
787.533	13
787.548	9
787.563	19
787.578	25
787.593	32
787.609	36
787.624	31
787.639	19
787.654	23
787.669	18
787.684	21
787.699	30
787.714	54
787.730	57
787.745	79
787.760	90
787.775	89
787.790	93
787.805	68
787.820	54
787.835	45
787.850	52
787.865	53
