771.850	14
771.866	26
771.883	16
771.899	11
771.915	23
771.931	12
771.947	17
771.964	22
771.980	22
771.996	21
772.012	19
772.028	20
772.045	16
772.061	12
772.077	15
772.093	27
772.109	12
772.126	18
772.142	17
772.158	21
772.174	8
772.190	15
772.206	17
772.223	19
772.239	20
772.255	11
772.271	19
772.287	25
772.304	23
772.320	5
772.336	16
772.352	15
772.368	22
772.384	18
772.401	12
772.417	16
772.433	28
772.449	16
772.465	11
772.482	12
772.498	12
772.514	13
772.530	20
772.546	31
772.562	25
772.579	22
772.595	14
772.611	20
772.627	14
772.643	13
772.659	13
772.675	19
772.692	10
772.708	11
772.724	14
772.740	17
772.756	12
772.772	19
772.789	22
772.805	19
772.821	16
772.837	15
772.853	20
772.869	14
772.885	11
772.902	15
772.918	15
772.934	24
772.950	20
772.966	20
772.982	20
772.998	21
773.015	10
773.031	19
773.047	14
773.063	24
773.079	18
773.095	23
773.111	9
773.127	22
773.144	15
773.160	19
773.176	9
773.192	19
773.208	14
773.224	17
773.240	15
773.256	14
773.272	17
773.289	20
773.305	18
773.321	26
773.337	20
773.353	12
773.369	19
773.385	21
773.401	15
773.417	19
773.434	19
773.450	12
773.466	20
773.482	29
773.498	24
773.514	24
773.530	22
773.546	30
773.562	29
773.579	32
773.595	19
773.611	23
773.627	26
773.643	17
773.659	16
773.675	13
773.691	15
773.707	21
773.723	9
773.739	24
773.755	25
773.772	19
773.788	21
773.804	6
773.820	17
773.836	12
773.852	28
773.868	13
773.884	23
773.900	28
773.916	28
773.932	14
773.948	29
773.964	30
773.981	18
773.997	18
774.013	27
774.029	8
774.045	14
774.061	24
774.077	18
774.093	24
774.109	14
774.125	13
774.141	17
774.157	7
774.173	18
774.189	16
774.205	14
774.221	8
774.237	20
774.254	11
774.270	19
774.286	18
774.302	14
774.318	23
774.334	19
774.350	22
774.366	20
774.382	17
774.398	16
774.414	6
774.430	21
774.446	23
774.462	14
774.478	25
774.494	27
774.510	21
774.526	16
774.542	18
774.558	15
774.574	11
774.590	10
774.606	8
774.622	18
774.638	18
774.654	10
774.670	9
774.686	20
774.702	14
774.719	20
774.735	19
774.751	21
774.767	10
774.783	11
774.799	18
774.815	18
774.831	21
774.847	20
774.863	20
774.879	13
774.895	21
774.911	16
774.927	19
774.943	28
774.959	14
774.975	19
774.991	17
775.007	22
775.023	12
775.039	16
775.055	16
775.071	18
775.087	13
775.103	23
775.119	24
775.135	13
775.151	17
775.167	14
775.183	26
775.199	24
775.215	20
775.231	17
775.247	18
775.262	22
775.278	23
775.294	15
775.310	17
775.326	15
775.342	19
775.358	19
775.374	18
775.390	12
775.406	14
775.422	20
775.438	24
775.454	21
775.470	20
775.486	18
775.502	30
775.518	22
775.534	16
775.550	20
775.566	23
775.582	19
775.598	16
775.614	12
775.630	9
775.646	20
775.662	19
775.678	14
775.694	18
775.710	9
775.725	20
775.741	17
775.757	21
775.773	16
775.789	20
775.805	23
775.821	16
775.837	12
775.853	6
775.869	14
775.885	18
775.901	19
775.917	13
775.933	24
775.949	14
775.965	25
775.981	13
775.996	12
776.012	8
776.028	18
776.044	9
776.060	17
776.076	19
776.092	13
776.108	8
776.124	16
776.140	15
776.156	30
776.172	13
776.188	7
776.203	14
776.219	19
776.235	24
776.251	18
776.267	17
776.283	11
776.299	21
776.315	21
776.331	28
776.347	21
776.363	17
776.378	19
776.394	18
776.410	14
776.426	10
776.442	14
776.458	9
776.474	16
776.490	18
776.506	18
776.522	15
776.537	6
776.553	12
776.569	15
776.585	14
776.601	18
776.617	14
776.633	18
776.649	9
776.665	16
776.680	18
776.696	14
776.712	24
776.728	18
776.744	17
776.760	22
776.776	18
776.792	12
776.808	12
776.823	21
776.839	19
776.855	16
776.871	15
776.887	18
776.903	25
776.919	23
776.934	24
776.950	24
776.966	31
776.982	9
776.998	13
777.014	18
777.030	27
777.046	15
777.061	13
777.077	21
777.093	13
777.109	23
777.125	14
777.141	23
777.157	22
777.172	19
777.188	26
777.204	15
777.220	26
777.236	15
777.252	25
777.267	25
777.283	15
777.299	14
777.315	36
777.331	34
777.347	35
777.362	21
777.378	29
777.394	35
777.410	33
777.426	14
777.442	21
777.457	16
777.473	14
777.489	13
777.505	22
777.521	16
777.537	14
777.552	21
777.568	18
777.584	17
777.600	23
777.616	14
777.632	11
777.647	17
777.663	13
777.679	18
777.695	8
777.711	22
777.726	27
777.742	24
777.758	43
777.774	38
777.790	21
777.806	25
777.821	14
777.837	9
777.853	24
777.869	28
777.885	33
777.900	22
777.916	18
777.932	20
777.948	20
777.964	24
777.979	24
777.995	20
778.011	21
778.027	15
778.042	13
778.058	13
778.074	13
778.090	12
778.106	12
778.121	22
778.137	8
778.153	17
778.169	16
778.185	14
778.200	11
778.216	7
778.232	18
778.248	24
778.263	20
778.279	22
778.295	10
778.311	17
778.327	20
778.342	12
778.358	18
778.374	18
778.390	18
778.405	17
778.421	17
778.437	24
778.453	14
778.468	13
778.484	6
778.500	9
778.516	12
778.531	9
778.547	18
778.563	15
778.579	15
778.594	26
778.610	20
778.626	17
778.642	7
778.658	19
778.673	13
778.689	13
778.705	19
778.720	17
778.736	15
778.752	20
778.768	19
778.783	18
778.799	25
778.815	18
778.831	20
778.846	23
778.862	22
778.878	19
778.894	17
778.909	19
778.925	16
778.941	21
778.957	17
778.972	12
778.988	22
779.004	15
779.019	19
779.035	9
779.051	24
779.067	23
779.082	23
779.098	16
779.114	19
779.129	14
779.145	25
779.161	17
779.177	18
779.192	15
779.208	21
779.224	20
779.239	22
779.255	14
779.271	20
779.287	17
779.302	15
779.318	14
779.334	14
779.349	16
779.365	8
779.381	5
779.396	12
779.412	15
779.428	17
779.444	9
779.459	19
779.475	10
779.491	25
779.506	10
779.522	21
779.538	15
779.553	17
779.569	15
779.585	14
779.600	21
779.616	15
779.632	22
779.647	12
779.663	17
779.679	24
779.695	19
779.710	9
779.726	5
779.742	24
779.757	20
779.773	25
779.789	16
779.804	21
779.820	28
779.836	27
779.851	15
779.867	13
779.883	9
779.898	19
779.914	11
779.930	12
779.945	19
779.961	20
779.977	16
779.992	19
780.008	16
780.023	9
780.039	23
780.055	7
780.070	0
780.086	7
780.102	18
780.117	7
780.133	10
780.149	15
780.164	16
780.180	8
780.196	11
780.211	14
780.227	14
780.243	16
780.258	19
780.274	20
780.289	23
780.305	11
780.321	24
780.336	8
780.352	14
780.368	13
780.383	17
780.399	18
780.414	23
780.430	21
780.446	18
780.461	17
780.477	13
780.493	23
780.508	12
780.524	17
780.539	17
780.555	12
780.571	23
780.586	21
780.602	16
780.618	24
780.633	9
780.649	19
780.664	10
780.680	16
780.696	12
780.711	11
780.727	20
780.742	13
780.758	26
780.774	21
780.789	14
780.805	8
780.820	14
780.836	9
780.852	20
780.867	19
780.883	23
780.898	22
780.914	15
780.930	20
780.945	12
780.961	19
780.976	19
780.992	9
781.008	18
781.023	9
781.039	21
781.054	19
781.070	19
781.085	17
781.101	7
781.117	23
781.132	23
781.148	11
781.163	19
781.179	16
781.194	21
781.210	13
781.226	8
781.241	14
781.257	13
781.272	9
781.288	16
781.303	21
781.319	24
781.335	17
781.350	26
781.366	26
781.381	23
781.397	23
781.412	23
781.428	17
781.443	21
781.459	10
781.475	22
781.490	22
781.506	16
781.521	18
781.537	20
781.552	24
781.568	18
781.583	18
781.599	25
781.614	15
781.630	22
781.646	19
781.661	16
781.677	10
781.692	18
781.708	20
781.723	23
781.739	19
781.754	14
781.770	18
781.785	15
781.801	17
781.816	15
781.832	29
781.848	20
781.863	22
781.879	17
781.894	13
781.910	23
781.925	13
781.941	18
781.956	21
781.972	23
781.987	16
782.003	20
782.018	12
782.034	21
782.049	12
782.065	22
782.080	24
782.096	25
782.111	31
782.127	22
782.142	27
782.158	37
782.173	24
782.189	20
782.204	28
782.220	22
782.235	27
782.251	18
782.266	26
782.282	19
782.297	27
782.313	29
782.328	21
782.344	16
782.359	17
782.375	17
782.390	16
782.406	17
782.421	17
782.437	22
782.452	20
782.468	28
782.483	25
782.499	24
782.514	22
782.530	8
782.545	21
782.561	13
782.576	20
782.592	20
782.607	19
782.622	19
782.638	16
782.653	15
782.669	13
782.684	32
782.700	36
782.715	28
782.731	36
782.746	25
782.762	18
782.777	21
782.793	37
782.808	26
782.824	28
782.839	16
782.854	20
782.870	25
782.885	24
782.901	30
782.916	27
782.932	25
782.947	23
782.963	26
782.978	18
782.993	20
783.009	19
783.024	31
783.040	55
783.055	49
783.071	64
783.086	56
783.102	81
783.117	74
783.132	93
783.148	83
783.163	89
783.179	95
783.194	78
783.210	65
783.225	56
783.240	51
783.256	46
783.271	29
783.287	30
783.302	26
783.318	36
783.333	28
783.348	32
783.364	39
783.379	30
783.395	33
783.410	32
783.426	49
783.441	17
783.456	19
783.472	18
783.487	17
783.503	24
783.518	25
783.533	34
783.549	49
783.564	52
783.580	63
783.595	65
783.610	67
783.626	58
783.641	33
783.657	31
783.672	27
783.687	28
783.703	30
783.718	45
783.734	64
783.749	75
783.764	68
783.780	57
783.795	55
783.811	38
783.826	46
783.841	51
783.857	56
783.872	73
783.888	102
783.903	90
783.918	89
783.934	61
783.949	26
783.964	28
783.980	58
783.995	73
784.011	80
784.026	69
784.041	50
784.057	32
784.072	24
784.087	19
784.103	45
784.118	61
784.134	67
784.149	44
784.164	37
784.180	21
784.195	31
784.210	63
784.226	69
784.241	65
784.256	41
784.272	34
784.287	30
784.302	39
784.318	55
784.333	81
784.349	52
784.364	27
784.379	20
784.395	35
784.410	48
784.425	36
784.441	21
784.456	25
784.471	39
784.487	55
784.502	58
784.517	40
784.533	35
784.548	50
784.563	57
784.579	49
784.594	46
784.609	57
784.625	64
784.640	36
784.655	49
784.671	75
784.686	81
784.701	60
784.717	47
784.732	50
784.747	61
784.763	75
784.778	52
784.793	42
784.809	47
784.824	65
784.839	77
784.854	39
784.870	34
784.885	65
784.900	77
784.916	51
784.931	30
784.946	35
784.962	65
784.977	50
784.992	32
785.008	24
785.023	49
785.038	62
785.053	23
785.069	23
785.084	75
785.099	56
785.115	38
785.130	17
785.145	55
785.161	87
785.176	26
785.191	22
785.206	50
785.222	61
785.237	46
785.252	22
785.268	44
785.283	35
785.298	37
785.313	36
785.329	61
785.344	36
785.359	29
785.375	33
785.390	57
785.405	38
785.420	57
785.436	41
785.451	35
785.466	32
785.481	32
785.497	51
785.512	23
785.527	30
785.543	33
785.558	30
785.573	33
785.588	38
785.604	40
785.619	25
785.634	30
785.649	65
785.665	47
785.680	27
785.695	19
785.710	40
785.726	57
785.741	67
785.756	82
785.771	39
785.787	39
785.802	38
785.817	46
785.832	33
785.848	38
785.863	83
785.878	65
785.893	89
785.909	42
785.924	65
785.939	38
785.954	46
785.970	54
785.985	54
786.000	59
786.015	44
786.030	37
786.046	37
786.061	45
786.076	64
786.091	38
786.107	45
786.122	38
786.137	21
786.152	43
786.168	28
786.183	30
786.198	20
786.213	53
786.228	29
786.244	37
786.259	56
786.274	50
786.289	41
786.304	37
786.320	26
786.335	33
786.350	34
786.365	34
786.381	25
786.396	51
786.411	44
786.426	37
786.441	70
786.457	27
786.472	37
786.487	50
786.502	34
786.517	27
786.533	38
786.548	46
786.563	23
786.578	26
786.593	37
786.608	42
786.624	53
786.639	62
786.654	36
786.669	60
786.684	40
786.700	45
786.715	58
786.730	51
786.745	48
786.760	54
786.775	29
786.791	38
786.806	42
786.821	28
786.836	27
786.851	35
786.867	25
786.882	53
786.897	40
786.912	28
786.927	41
786.942	34
786.958	43
786.973	42
786.988	29
787.003	39
787.018	29
787.033	15
787.049	25
787.064	21
787.079	37
787.094	48
787.109	31
787.124	28
787.139	18
787.155	37
787.170	36
787.185	31
787.200	32
787.215	23
787.230	17
787.245	25
787.261	25
787.276	34
787.291	27
787.306	38
787.321	48
787.336	39
787.351	34
787.367	38
787.382	24
787.397	16
787.412	15
787.427	18
787.442	17
787.457	30
787.472	22
787.488	26
787.503	18
787.518	19
787.533	24
787.548	12
787.563	23
787.578	39
787.593	45
787.609	55
787.624	44
787.639	26
787.654	25
787.669	27
787.684	22
787.699	40
787.714	76
787.730	78
787.745	106
787.760	117
787.775	130
787.790	122
787.805	108
787.820	76
787.835	74
787.850	61
787.865	68
