771.850	3
771.866	6
771.883	2
771.899	8
771.915	7
771.931	8
771.947	12
771.964	7
771.980	5
771.996	7
772.012	5
772.028	7
772.045	-3
772.061	5
772.077	5
772.093	9
772.109	4
772.126	11
772.142	3
772.158	7
772.174	-1
772.190	8
772.206	8
772.223	3
772.239	8
772.255	-5
772.271	10
772.287	4
772.304	9
772.320	-3
772.336	8
772.352	6
772.368	6
772.384	3
772.401	3
772.417	1
772.433	1
772.449	6
772.465	6
772.482	2
772.498	-5
772.514	1
772.530	2
772.546	11
772.562	11
772.579	10
772.595	6
772.611	8
772.627	8
772.643	1
772.659	5
772.675	5
772.692	-4
772.708	0
772.724	8
772.740	5
772.756	3
772.772	5
772.789	5
772.805	9
772.821	6
772.837	9
772.853	9
772.869	4
772.885	-1
772.902	0
772.918	2
772.934	5
772.950	7
772.966	5
772.982	10
772.998	8
773.015	-2
773.031	9
773.047	4
773.063	12
773.079	5
773.095	5
773.111	8
773.127	9
773.144	13
773.160	10
773.176	5
773.192	4
773.208	12
773.224	7
773.240	3
773.256	4
773.272	8
773.289	10
773.305	7
773.321	10
773.337	7
773.353	-1
773.369	5
773.385	6
773.401	7
773.417	8
773.434	7
773.450	-1
773.466	6
773.482	7
773.498	6
773.514	4
773.530	-3
773.546	7
773.562	7
773.579	4
773.595	0
773.611	2
773.627	9
773.643	3
773.659	4
773.675	4
773.691	7
773.707	4
773.723	3
773.739	9
773.755	9
773.772	5
773.788	10
773.804	5
773.820	5
773.836	7
773.852	8
773.868	-1
773.884	7
773.900	8
773.916	9
773.932	-1
773.948	11
773.964	15
773.981	3
773.997	10
774.013	11
774.029	2
774.045	8
774.061	7
774.077	5
774.093	12
774.109	7
774.125	7
774.141	7
774.157	-3
774.173	6
774.189	2
774.205	6
774.221	1
774.237	5
774.254	-2
774.270	6
774.286	9
774.302	0
774.318	6
774.334	5
774.350	10
774.366	6
774.382	8
774.398	3
774.414	-1
774.430	4
774.446	6
774.462	5
774.478	8
774.494	9
774.510	11
774.526	1
774.542	2
774.558	5
774.574	3
774.590	0
774.606	3
774.622	5
774.638	1
774.654	-1
774.670	7
774.686	1
774.702	-2
774.719	6
774.735	1
774.751	-3
774.767	5
774.783	5
774.799	9
774.815	6
774.831	9
774.847	12
774.863	7
774.879	5
774.895	9
774.911	6
774.927	5
774.943	13
774.959	2
774.975	5
774.991	8
775.007	11
775.023	-1
775.039	-2
775.055	1
775.071	2
775.087	2
775.103	10
775.119	4
775.135	1
775.151	0
775.167	7
775.183	5
775.199	14
775.215	12
775.231	6
775.247	0
775.262	1
775.278	6
775.294	6
775.310	6
775.326	2
775.342	5
775.358	8
775.374	2
775.390	0
775.406	8
775.422	9
775.438	3
775.454	9
775.470	3
775.486	2
775.502	13
775.518	4
775.534	7
775.550	5
775.566	4
775.582	5
775.598	10
775.614	2
775.630	2
775.646	10
775.662	10
775.678	-2
775.694	7
775.710	4
775.725	5
775.741	1
775.757	-2
775.773	9
775.789	6
775.805	9
775.821	0
775.837	3
775.853	-2
775.869	1
775.885	10
775.901	6
775.917	0
775.933	8
775.949	7
775.965	9
775.981	4
775.996	1
776.012	7
776.028	9
776.044	-1
776.060	4
776.076	4
776.092	-1
776.108	-4
776.124	6
776.140	8
776.156	8
776.172	1
776.188	-1
776.203	2
776.219	-2
776.235	7
776.251	6
776.267	-1
776.283	2
776.299	1
776.315	7
776.331	9
776.347	5
776.363	6
776.378	4
776.394	9
776.410	3
776.426	-1
776.442	7
776.458	6
776.474	7
776.490	3
776.506	2
776.522	8
776.537	4
776.553	8
776.569	5
776.585	-1
776.601	8
776.617	1
776.633	4
776.649	-1
776.665	9
776.680	0
776.696	1
776.712	9
776.728	4
776.744	5
776.760	5
776.776	5
776.792	5
776.808	3
776.823	9
776.839	2
776.855	8
776.871	1
776.887	2
776.903	4
776.919	13
776.934	0
776.950	3
776.966	9
776.982	0
776.998	2
777.014	6
777.030	12
777.046	0
777.061	0
777.077	9
777.093	-1
777.109	6
777.125	5
777.141	11
777.157	7
777.172	4
777.188	4
777.204	2
777.220	7
777.236	3
777.252	7
777.267	8
777.283	7
777.299	0
777.315	4
777.331	16
777.347	13
777.362	-3
777.378	8
777.394	11
777.410	6
777.426	11
777.442	8
777.457	4
777.473	-4
777.489	3
777.505	5
777.521	-2
777.537	4
777.552	9
777.568	3
777.584	5
777.600	3
777.616	-2
777.632	4
777.647	1
777.663	1
777.679	5
777.695	-2
777.711	7
777.726	6
777.742	6
777.758	7
777.774	10
777.790	11
777.806	6
777.821	5
777.837	0
777.853	5
777.869	10
777.885	10
777.900	8
777.916	2
777.932	9
777.948	10
777.964	5
777.979	4
777.995	10
778.011	3
778.027	4
778.042	7
778.058	-3
778.074	9
778.090	3
778.106	0
778.121	1
778.137	10
778.153	3
778.169	4
778.185	2
778.200	0
778.216	0
778.232	4
778.248	9
778.263	2
778.279	6
778.295	-5
778.311	8
778.327	9
778.342	-2
778.358	4
778.374	8
778.390	13
778.405	4
778.421	12
778.437	9
778.453	3
778.468	2
778.484	-6
778.500	-6
778.516	4
778.531	-1
778.547	4
778.563	11
778.579	5
778.594	8
778.610	5
778.626	11
778.642	2
778.658	4
778.673	4
778.689	3
778.705	10
778.720	1
778.736	3
778.752	7
778.768	1
778.783	11
778.799	5
778.815	5
778.831	7
778.846	5
778.862	7
778.878	3
778.894	6
778.909	9
778.925	6
778.941	7
778.957	5
778.972	6
778.988	10
779.004	4
779.019	8
779.035	4
779.051	12
779.067	11
779.082	8
779.098	1
779.114	3
779.129	1
779.145	8
779.161	17
779.177	6
779.192	1
779.208	5
779.224	2
779.239	3
779.255	5
779.271	11
779.287	14
779.302	7
779.318	6
779.334	-3
779.349	1
779.365	6
779.381	-4
779.396	5
779.412	4
779.428	1
779.444	2
779.459	12
779.475	-1
779.491	7
779.506	4
779.522	7
779.538	2
779.553	11
779.569	6
779.585	7
779.600	13
779.616	-1
779.632	0
779.647	-1
779.663	6
779.679	11
779.695	7
779.710	3
779.726	-2
779.742	3
779.757	4
779.773	15
779.789	6
779.804	16
779.820	14
779.836	21
779.851	3
779.867	5
779.883	10
779.898	2
779.914	4
779.930	5
779.945	1
779.961	3
779.977	2
779.992	4
780.008	5
780.023	-2
780.039	5
780.055	3
780.070	-8
780.086	0
780.102	5
780.117	-1
780.133	1
780.149	3
780.164	11
780.180	-1
780.196	4
780.211	-2
780.227	3
780.243	8
780.258	-1
780.274	4
780.289	7
780.305	10
780.321	7
780.336	3
780.352	4
780.368	-3
780.383	2
780.399	2
780.414	6
780.430	6
780.446	9
780.461	-1
780.477	-1
780.493	3
780.508	3
780.524	1
780.539	6
780.555	-1
780.571	7
780.586	7
780.602	5
780.618	16
780.633	2
780.649	8
780.664	6
780.680	2
780.696	-1
780.711	5
780.727	5
780.742	4
780.758	16
780.774	2
780.789	4
780.805	5
780.820	7
780.836	1
780.852	9
780.867	10
780.883	12
780.898	5
780.914	-3
780.930	6
780.945	2
780.961	7
780.976	3
780.992	-3
781.008	12
781.023	4
781.039	3
781.054	2
781.070	8
781.085	8
781.101	2
781.117	10
781.132	2
781.148	4
781.163	8
781.179	5
781.194	9
781.210	3
781.226	5
781.241	2
781.257	7
781.272	4
781.288	7
781.303	6
781.319	11
781.335	11
781.350	8
781.366	16
781.381	11
781.397	11
781.412	12
781.428	9
781.443	10
781.459	3
781.475	-2
781.490	5
781.506	5
781.521	11
781.537	3
781.552	6
781.568	4
781.583	9
781.599	12
781.614	4
781.630	8
781.646	3
781.661	8
781.677	2
781.692	5
781.708	-7
781.723	11
781.739	7
781.754	7
781.770	2
781.785	3
781.801	7
781.816	0
781.832	18
781.848	0
781.863	11
781.879	6
781.894	2
781.910	7
781.925	9
781.941	5
781.956	7
781.972	7
781.987	-2
782.003	6
782.018	6
782.034	5
782.049	5
782.065	3
782.080	6
782.096	8
782.111	7
782.127	0
782.142	10
782.158	11
782.173	11
782.189	2
782.204	7
782.220	3
782.235	6
782.251	17
782.266	8
782.282	7
782.297	6
782.313	3
782.328	4
782.344	9
782.359	2
782.375	2
782.390	8
782.406	9
782.421	6
782.437	10
782.452	6
782.468	13
782.483	3
782.499	9
782.514	7
782.530	-1
782.545	6
782.561	0
782.576	5
782.592	7
782.607	6
782.622	10
782.638	5
782.653	1
782.669	6
782.684	11
782.700	9
782.715	8
782.731	13
782.746	2
782.762	3
782.777	4
782.793	13
782.808	5
782.824	13
782.839	4
782.854	12
782.870	10
782.885	8
782.901	9
782.916	12
782.932	-4
782.947	-3
782.963	6
782.978	11
782.993	4
783.009	-5
783.024	12
783.040	20
783.055	19
783.071	20
783.086	15
783.102	26
783.117	23
783.132	27
783.148	22
783.163	24
783.179	28
783.194	22
783.210	22
783.225	18
783.240	14
783.256	16
783.271	4
783.287	9
783.302	9
783.318	17
783.333	11
783.348	6
783.364	20
783.379	8
783.395	13
783.410	7
783.426	14
783.441	6
783.456	1
783.472	0
783.487	8
783.503	10
783.518	12
783.533	3
783.549	18
783.564	20
783.580	23
783.595	20
783.610	20
783.626	15
783.641	9
783.657	14
783.672	10
783.687	12
783.703	12
783.718	14
783.734	25
783.749	19
783.764	21
783.780	15
783.795	19
783.811	9
783.826	16
783.841	15
783.857	13
783.872	31
783.888	25
783.903	28
783.918	21
783.934	13
783.949	9
783.964	10
783.980	25
783.995	27
784.011	26
784.026	24
784.041	11
784.057	7
784.072	9
784.087	4
784.103	14
784.118	26
784.134	15
784.149	9
784.164	9
784.180	7
784.195	10
784.210	23
784.226	21
784.241	14
784.256	10
784.272	16
784.287	11
784.302	9
784.318	22
784.333	20
784.349	17
784.364	10
784.379	8
784.395	8
784.410	20
784.425	21
784.441	5
784.456	5
784.471	14
784.487	17
784.502	20
784.517	14
784.533	7
784.548	11
784.563	17
784.579	12
784.594	18
784.609	12
784.625	5
784.640	9
784.655	17
784.671	27
784.686	25
784.701	14
784.717	8
784.732	12
784.747	18
784.763	22
784.778	16
784.793	17
784.809	17
784.824	18
784.839	23
784.854	8
784.870	12
784.885	16
784.900	27
784.916	19
784.931	13
784.946	6
784.962	24
784.977	16
784.992	4
785.008	-2
785.023	17
785.038	22
785.053	7
785.069	6
785.084	14
785.099	17
785.115	7
785.130	6
785.145	15
785.161	21
785.176	3
785.191	5
785.206	15
785.222	19
785.237	13
785.252	8
785.268	16
785.283	11
785.298	11
785.313	20
785.329	13
785.344	10
785.359	9
785.375	9
785.390	14
785.405	6
785.420	21
785.436	11
785.451	10
785.466	5
785.481	12
785.497	10
785.512	8
785.527	17
785.543	0
785.558	7
785.573	9
785.588	9
785.604	12
785.619	2
785.634	14
785.649	22
785.665	12
785.680	10
785.695	3
785.710	11
785.726	19
785.741	21
785.756	22
785.771	8
785.787	12
785.802	9
785.817	11
785.832	5
785.848	3
785.863	27
785.878	16
785.893	22
785.909	13
785.924	24
785.939	20
785.954	15
785.970	19
785.985	10
786.000	19
786.015	17
786.030	13
786.046	13
786.061	14
786.076	15
786.091	12
786.107	16
786.122	8
786.137	4
786.152	17
786.168	14
786.183	9
786.198	7
786.213	18
786.228	15
786.244	12
786.259	23
786.274	17
786.289	16
786.304	7
786.320	11
786.335	5
786.350	13
786.365	11
786.381	15
786.396	12
786.411	15
786.426	12
786.441	18
786.457	6
786.472	14
786.487	19
786.502	8
786.517	2
786.533	4
786.548	12
786.563	8
786.578	3
786.593	6
786.608	12
786.624	14
786.639	11
786.654	17
786.669	21
786.684	10
786.700	12
786.715	19
786.730	16
786.745	19
786.760	19
786.775	16
786.791	17
786.806	9
786.821	11
786.836	5
786.851	14
786.867	6
786.882	17
786.897	18
786.912	-2
786.927	0
786.942	15
786.958	18
786.973	14
786.988	2
787.003	4
787.018	3
787.033	0
787.049	8
787.064	13
787.079	9
787.094	13
787.109	6
787.124	10
787.139	7
787.155	19
787.170	7
787.185	7
787.200	7
787.215	5
787.230	2
787.245	16
787.261	1
787.276	16
787.291	3
787.306	13
787.321	11
787.336	8
787.351	5
787.367	17
787.382	10
787.397	4
787.412	6
787.427	8
787.442	9
787.457	15
787.472	3
787.488	4
787.503	4
787.518	6
787.533	10
787.548	6
787.563	8
787.578	10
787.593	12
787.609	16
787.624	17
787.639	9
787.654	13
787.669	12
787.684	3
787.699	20
787.714	21
787.730	27
787.745	31
787.760	34
787.775	29
787.790	37
787.805	24
787.820	25
787.835	16
787.850	27
787.865	27
