771.850	20
771.866	16
771.883	5
771.899	17
771.915	18
771.931	13
771.947	15
771.964	14
771.980	21
771.996	10
772.012	17
772.028	13
772.045	14
772.061	15
772.077	10
772.093	18
772.109	15
772.126	16
772.142	14
772.158	19
772.174	15
772.190	11
772.206	23
772.223	12
772.239	16
772.255	11
772.271	15
772.287	10
772.304	20
772.320	8
772.336	9
772.352	9
772.368	10
772.384	14
772.401	15
772.417	14
772.433	15
772.449	16
772.465	16
772.482	15
772.498	8
772.514	13
772.530	20
772.546	28
772.562	27
772.579	31
772.595	16
772.611	18
772.627	15
772.643	15
772.659	11
772.675	14
772.692	6
772.708	9
772.724	16
772.740	13
772.756	8
772.772	14
772.789	16
772.805	17
772.821	13
772.837	18
772.853	21
772.869	13
772.885	11
772.902	11
772.918	11
772.934	16
772.950	14
772.966	17
772.982	23
772.998	16
773.015	9
773.031	15
773.047	21
773.063	23
773.079	14
773.095	13
773.111	17
773.127	28
773.144	19
773.160	18
773.176	11
773.192	12
773.208	12
773.224	17
773.240	10
773.256	14
773.272	18
773.289	18
773.305	19
773.321	15
773.337	15
773.353	10
773.369	18
773.385	11
773.401	15
773.417	20
773.434	7
773.450	9
773.466	22
773.482	21
773.498	19
773.514	23
773.530	19
773.546	32
773.562	19
773.579	12
773.595	23
773.611	19
773.627	21
773.643	19
773.659	14
773.675	12
773.691	18
773.707	14
773.723	15
773.739	9
773.755	18
773.772	16
773.788	18
773.804	9
773.820	19
773.836	16
773.852	21
773.868	15
773.884	16
773.900	20
773.916	22
773.932	17
773.948	22
773.964	20
773.981	11
773.997	13
774.013	23
774.029	4
774.045	11
774.061	14
774.077	14
774.093	19
774.109	16
774.125	10
774.141	21
774.157	0
774.173	20
774.189	7
774.205	13
774.221	8
774.237	15
774.254	10
774.270	15
774.286	18
774.302	12
774.318	21
774.334	12
774.350	18
774.366	22
774.382	12
774.398	4
774.414	14
774.430	20
774.446	10
774.462	10
774.478	24
774.494	22
774.510	14
774.526	14
774.542	15
774.558	13
774.574	13
774.590	16
774.606	13
774.622	17
774.638	10
774.654	8
774.670	16
774.686	6
774.702	15
774.719	18
774.735	11
774.751	16
774.767	15
774.783	12
774.799	22
774.815	17
774.831	13
774.847	23
774.863	16
774.879	10
774.895	18
774.911	11
774.927	14
774.943	22
774.959	14
774.975	19
774.991	15
775.007	17
775.023	18
775.039	10
775.055	16
775.071	12
775.087	15
775.103	26
775.119	19
775.135	20
775.151	22
775.167	18
775.183	20
775.199	23
775.215	16
775.231	12
775.247	13
775.262	19
775.278	20
775.294	15
775.310	17
775.326	4
775.342	12
775.358	17
775.374	12
775.390	10
775.406	13
775.422	16
775.438	22
775.454	22
775.470	22
775.486	16
775.502	23
775.518	18
775.534	23
775.550	22
775.566	12
775.582	18
775.598	14
775.614	14
775.630	14
775.646	17
775.662	17
775.678	16
775.694	17
775.710	9
775.725	14
775.741	24
775.757	9
775.773	9
775.789	19
775.805	21
775.821	6
775.837	8
775.853	14
775.869	17
775.885	26
775.901	18
775.917	18
775.933	23
775.949	9
775.965	16
775.981	15
775.996	11
776.012	17
776.028	20
776.044	11
776.060	15
776.076	16
776.092	11
776.108	10
776.124	17
776.140	17
776.156	19
776.172	18
776.188	14
776.203	15
776.219	13
776.235	25
776.251	15
776.267	15
776.283	15
776.299	17
776.315	10
776.331	13
776.347	19
776.363	19
776.378	19
776.394	20
776.410	12
776.426	14
776.442	18
776.458	11
776.474	16
776.490	12
776.506	11
776.522	18
776.537	9
776.553	19
776.569	12
776.585	14
776.601	10
776.617	5
776.633	9
776.649	14
776.665	14
776.680	12
776.696	12
776.712	24
776.728	13
776.744	14
776.760	20
776.776	15
776.792	15
776.808	11
776.823	17
776.839	19
776.855	19
776.871	13
776.887	19
776.903	27
776.919	23
776.934	17
776.950	21
776.966	19
776.982	14
776.998	9
777.014	14
777.030	24
777.046	14
777.061	11
777.077	23
777.093	7
777.109	18
777.125	14
777.141	20
777.157	13
777.172	15
777.188	22
777.204	16
777.220	17
777.236	16
777.252	18
777.267	19
777.283	14
777.299	9
777.315	32
777.331	31
777.347	32
777.362	17
777.378	30
777.394	29
777.410	26
777.426	14
777.442	15
777.457	11
777.473	5
777.489	16
777.505	18
777.521	12
777.537	16
777.552	19
777.568	14
777.584	11
777.600	24
777.616	11
777.632	9
777.647	14
777.663	13
777.679	19
777.695	11
777.711	18
777.726	26
777.742	20
777.758	32
777.774	29
777.790	31
777.806	21
777.821	13
777.837	10
777.853	22
777.869	23
777.885	33
777.900	23
777.916	16
777.932	16
777.948	12
777.964	18
777.979	17
777.995	16
778.011	15
778.027	14
778.042	15
778.058	6
778.074	18
778.090	9
778.106	11
778.121	15
778.137	16
778.153	7
778.169	15
778.185	11
778.200	12
778.216	10
778.232	17
778.248	17
778.263	21
778.279	13
778.295	3
778.311	12
778.327	22
778.342	10
778.358	17
778.374	18
778.390	16
778.405	11
778.421	18
778.437	20
778.453	10
778.468	12
778.484	8
778.500	11
778.516	10
778.531	9
778.547	13
778.563	20
778.579	17
778.594	18
778.610	17
778.626	15
778.642	10
778.658	16
778.673	13
778.689	9
778.705	12
778.720	10
778.736	22
778.752	11
778.768	13
778.783	16
778.799	28
778.815	14
778.831	20
778.846	12
778.862	23
778.878	18
778.894	17
778.909	21
778.925	13
778.941	24
778.957	25
778.972	9
778.988	13
779.004	10
779.019	9
779.035	15
779.051	18
779.067	24
779.082	16
779.098	12
779.114	22
779.129	13
779.145	21
779.161	20
779.177	16
779.192	8
779.208	12
779.224	21
779.239	13
779.255	12
779.271	21
779.287	13
779.302	15
779.318	10
779.334	10
779.349	7
779.365	14
779.381	13
779.396	15
779.412	17
779.428	12
779.444	6
779.459	14
779.475	8
779.491	14
779.506	7
779.522	21
779.538	17
779.553	17
779.569	17
779.585	20
779.600	19
779.616	17
779.632	15
779.647	14
779.663	15
779.679	18
779.695	18
779.710	12
779.726	9
779.742	20
779.757	20
779.773	18
779.789	17
779.804	16
779.820	20
779.836	19
779.851	8
779.867	12
779.883	13
779.898	15
779.914	17
779.930	12
779.945	10
779.961	9
779.977	14
779.992	13
780.008	12
780.023	9
780.039	10
780.055	13
780.070	0
780.086	3
780.102	14
780.117	3
780.133	9
780.149	16
780.164	17
780.180	4
780.196	13
780.211	7
780.227	15
780.243	12
780.258	12
780.274	19
780.289	16
780.305	14
780.321	20
780.336	7
780.352	15
780.368	6
780.383	9
780.399	13
780.414	20
780.430	17
780.446	15
780.461	9
780.477	9
780.493	18
780.508	15
780.524	11
780.539	16
780.555	7
780.571	19
780.586	17
780.602	27
780.618	23
780.633	6
780.649	18
780.664	17
780.680	9
780.696	12
780.711	15
780.727	18
780.742	16
780.758	29
780.774	14
780.789	15
780.805	12
780.820	14
780.836	9
780.852	16
780.867	15
780.883	24
780.898	15
780.914	15
780.930	17
780.945	14
780.961	13
780.976	14
780.992	17
781.008	18
781.023	8
781.039	11
781.054	26
781.070	20
781.085	18
781.101	5
781.117	19
781.132	16
781.148	13
781.163	21
781.179	13
781.194	17
781.210	9
781.226	8
781.241	10
781.257	17
781.272	11
781.288	11
781.303	28
781.319	12
781.335	17
781.350	19
781.366	28
781.381	15
781.397	19
781.412	15
781.428	16
781.443	17
781.459	12
781.475	11
781.490	13
781.506	11
781.521	14
781.537	14
781.552	17
781.568	16
781.583	16
781.599	14
781.614	18
781.630	19
781.646	19
781.661	23
781.677	13
781.692	13
781.708	11
781.723	20
781.739	17
781.754	20
781.770	15
781.785	8
781.801	20
781.816	13
781.832	25
781.848	15
781.863	19
781.879	20
781.894	9
781.910	18
781.925	23
781.941	15
781.956	11
781.972	15
781.987	12
782.003	14
782.018	13
782.034	20
782.049	9
782.065	20
782.080	24
782.096	30
782.111	22
782.127	30
782.142	30
782.158	27
782.173	19
782.189	21
782.204	24
782.220	22
782.235	12
782.251	26
782.266	23
782.282	25
782.297	16
782.313	21
782.328	17
782.344	20
782.359	14
782.375	14
782.390	19
782.406	15
782.421	19
782.437	20
782.452	14
782.468	21
782.483	15
782.499	22
782.514	13
782.530	12
782.545	15
782.561	14
782.576	20
782.592	20
782.607	22
782.622	18
782.638	12
782.653	18
782.669	16
782.684	28
782.700	22
782.715	22
782.731	30
782.746	16
782.762	24
782.777	23
782.793	35
782.808	16
782.824	24
782.839	15
782.854	17
782.870	23
782.885	30
782.901	24
782.916	19
782.932	20
782.947	11
782.963	18
782.978	20
782.993	16
783.009	20
783.024	28
783.040	46
783.055	45
783.071	56
783.086	53
783.102	57
783.117	73
783.132	87
783.148	73
783.163	94
783.179	79
783.194	70
783.210	61
783.225	44
783.240	44
783.256	33
783.271	25
783.287	31
783.302	31
783.318	31
783.333	25
783.348	23
783.364	40
783.379	32
783.395	35
783.410	35
783.426	33
783.441	16
783.456	13
783.472	18
783.487	15
783.503	27
783.518	24
783.533	29
783.549	35
783.564	49
783.580	54
783.595	57
783.610	62
783.626	51
783.641	31
783.657	32
783.672	28
783.687	24
783.703	31
783.718	38
783.734	54
783.749	64
783.764	62
783.780	47
783.795	57
783.811	33
783.826	50
783.841	48
783.857	50
783.872	68
783.888	93
783.903	82
783.918	72
783.934	47
783.949	27
783.964	32
783.980	59
783.995	63
784.011	60
784.026	68
784.041	48
784.057	27
784.072	25
784.087	19
784.103	45
784.118	59
784.134	63
784.149	41
784.164	25
784.180	22
784.195	25
784.210	59
784.226	61
784.241	48
784.256	40
784.272	38
784.287	27
784.302	35
784.318	52
784.333	61
784.349	54
784.364	19
784.379	15
784.395	32
784.410	43
784.425	34
784.441	21
784.456	19
784.471	32
784.487	51
784.502	48
784.517	32
784.533	27
784.548	49
784.563	57
784.579	55
784.594	44
784.609	56
784.625	47
784.640	34
784.655	43
784.671	57
784.686	71
784.701	47
784.717	34
784.732	42
784.747	62
784.763	56
784.778	48
784.793	38
784.809	55
784.824	68
784.839	66
784.854	41
784.870	32
784.885	55
784.900	71
784.916	53
784.931	33
784.946	28
784.962	68
784.977	46
784.992	34
785.008	25
785.023	49
785.038	49
785.053	18
785.069	19
785.084	59
785.099	50
785.115	32
785.130	19
785.145	56
785.161	75
785.176	21
785.191	21
785.206	37
785.222	63
785.237	39
785.252	19
785.268	45
785.283	38
785.298	35
785.313	29
785.329	58
785.344	32
785.359	26
785.375	30
785.390	47
785.405	33
785.420	56
785.436	40
785.451	35
785.466	34
785.481	42
785.497	47
785.512	30
785.527	32
785.543	34
785.558	24
785.573	34
785.588	39
785.604	39
785.619	30
785.634	25
785.649	62
785.665	35
785.680	29
785.695	20
785.710	31
785.726	49
785.741	64
785.756	84
785.771	29
785.787	39
785.802	31
785.817	35
785.832	30
785.848	27
785.863	73
785.878	53
785.893	62
785.909	55
785.924	62
785.939	43
785.954	39
785.970	56
785.985	44
786.000	55
786.015	38
786.030	36
786.046	35
786.061	39
786.076	59
786.091	41
786.107	46
786.122	34
786.137	29
786.152	47
786.168	30
786.183	27
786.198	21
786.213	41
786.228	28
786.244	32
786.259	41
786.274	39
786.289	41
786.304	32
786.320	23
786.335	36
786.350	30
786.365	43
786.381	27
786.396	49
786.411	46
786.426	33
786.441	68
786.457	25
786.472	38
786.487	51
786.502	26
786.517	26
786.533	36
786.548	35
786.563	16
786.578	20
786.593	34
786.608	34
786.624	54
786.639	58
786.654	34
786.669	55
786.684	28
786.700	36
786.715	63
786.730	46
786.745	39
786.760	50
786.775	24
786.791	37
786.806	39
786.821	29
786.836	26
786.851	38
786.867	33
786.882	36
786.897	40
786.912	26
786.927	34
786.942	20
786.958	33
786.973	34
786.988	16
787.003	35
787.018	39
787.033	13
787.049	35
787.064	18
787.079	33
787.094	27
787.109	26
787.124	36
787.139	22
787.155	31
787.170	32
787.185	26
787.200	31
787.215	20
787.230	19
787.245	17
787.261	14
787.276	25
787.291	27
787.306	30
787.321	31
787.336	31
787.351	31
787.367	31
787.382	20
787.397	10
787.412	15
787.427	19
787.442	33
787.457	26
787.472	24
787.488	17
787.503	18
787.518	8
787.533	16
787.548	18
787.563	12
787.578	37
787.593	42
787.609	42
787.624	50
787.639	31
787.654	23
787.669	19
787.684	27
787.699	42
787.714	60
787.730	82
787.745	95
787.760	117
787.775	105
787.790	109
787.805	97
787.820	65
787.835	50
787.850	58
787.865	58
