771.850	20
771.866	18
771.883	10
771.899	16
771.915	24
771.931	14
771.947	16
771.964	21
771.980	18
771.996	12
772.012	16
772.028	15
772.045	7
772.061	21
772.077	18
772.093	17
772.109	19
772.126	20
772.142	9
772.158	17
772.174	12
772.190	15
772.206	18
772.223	12
772.239	20
772.255	14
772.271	21
772.287	15
772.304	23
772.320	8
772.336	20
772.352	15
772.368	16
772.384	21
772.401	19
772.417	16
772.433	16
772.449	13
772.465	16
772.482	9
772.498	15
772.514	18
772.530	13
772.546	21
772.562	25
772.579	22
772.595	17
772.611	8
772.627	12
772.643	18
772.659	15
772.675	19
772.692	12
772.708	17
772.724	16
772.740	9
772.756	9
772.772	17
772.789	15
772.805	16
772.821	14
772.837	18
772.853	14
772.869	16
772.885	15
772.902	8
772.918	21
772.934	22
772.950	22
772.966	11
772.982	21
772.998	16
773.015	13
773.031	18
773.047	21
773.063	26
773.079	13
773.095	19
773.111	16
773.127	26
773.144	19
773.160	20
773.176	12
773.192	18
773.208	14
773.224	16
773.240	12
773.256	19
773.272	16
773.289	25
773.305	17
773.321	16
773.337	20
773.353	8
773.369	19
773.385	21
773.401	20
773.417	18
773.434	14
773.450	13
773.466	20
773.482	30
773.498	11
773.514	20
773.530	21
773.546	36
773.562	25
773.579	21
773.595	19
773.611	21
773.627	21
773.643	20
773.659	9
773.675	14
773.691	15
773.707	16
773.723	14
773.739	21
773.755	21
773.772	11
773.788	22
773.804	17
773.820	17
773.836	11
773.852	19
773.868	11
773.884	22
773.900	31
773.916	24
773.932	16
773.948	27
773.964	26
773.981	16
773.997	21
774.013	23
774.029	9
774.045	13
774.061	17
774.077	13
774.093	19
774.109	17
774.125	17
774.141	20
774.157	4
774.173	17
774.189	10
774.205	13
774.221	12
774.237	21
774.254	4
774.270	23
774.286	15
774.302	8
774.318	28
774.334	15
774.350	21
774.366	26
774.382	20
774.398	13
774.414	8
774.430	19
774.446	19
774.462	15
774.478	19
774.494	18
774.510	17
774.526	16
774.542	8
774.558	22
774.574	12
774.590	13
774.606	11
774.622	17
774.638	13
774.654	9
774.670	19
774.686	13
774.702	9
774.719	13
774.735	13
774.751	15
774.767	13
774.783	20
774.799	17
774.815	13
774.831	17
774.847	27
774.863	17
774.879	11
774.895	19
774.911	12
774.927	17
774.943	28
774.959	15
774.975	20
774.991	15
775.007	20
775.023	14
775.039	11
775.055	14
775.071	20
775.087	11
775.103	18
775.119	18
775.135	13
775.151	19
775.167	12
775.183	29
775.199	28
775.215	12
775.231	13
775.247	20
775.262	15
775.278	16
775.294	16
775.310	16
775.326	13
775.342	15
775.358	23
775.374	16
775.390	12
775.406	7
775.422	14
775.438	22
775.454	20
775.470	20
775.486	16
775.502	30
775.518	17
775.534	22
775.550	27
775.566	19
775.582	16
775.598	18
775.614	11
775.630	14
775.646	21
775.662	15
775.678	15
775.694	13
775.710	14
775.725	16
775.741	17
775.757	12
775.773	14
775.789	19
775.805	21
775.821	6
775.837	16
775.853	5
775.869	13
775.885	15
775.901	19
775.917	14
775.933	22
775.949	16
775.965	17
775.981	5
775.996	11
776.012	10
776.028	17
776.044	17
776.060	12
776.076	7
776.092	20
776.108	10
776.124	16
776.140	16
776.156	16
776.172	19
776.188	12
776.203	17
776.219	14
776.235	24
776.251	19
776.267	17
776.283	14
776.299	13
776.315	23
776.331	26
776.347	18
776.363	16
776.378	20
776.394	15
776.410	13
776.426	14
776.442	12
776.458	13
776.474	21
776.490	12
776.506	15
776.522	21
776.537	10
776.553	13
776.569	11
776.585	20
776.601	21
776.617	15
776.633	15
776.649	10
776.665	21
776.680	11
776.696	12
776.712	28
776.728	15
776.744	16
776.760	23
776.776	17
776.792	7
776.808	20
776.823	14
776.839	21
776.855	22
776.871	11
776.887	16
776.903	21
776.919	21
776.934	18
776.950	20
776.966	24
776.982	14
776.998	10
777.014	15
777.030	21
777.046	14
777.061	12
777.077	21
777.093	10
777.109	21
777.125	11
777.141	19
777.157	14
777.172	15
777.188	19
777.204	12
777.220	23
777.236	26
777.252	20
777.267	24
777.283	14
777.299	15
777.315	34
777.331	34
777.347	33
777.362	23
777.378	23
777.394	28
777.410	24
777.426	14
777.442	22
777.457	13
777.473	12
777.489	15
777.505	20
777.521	6
777.537	12
777.552	25
777.568	15
777.584	14
777.600	17
777.616	15
777.632	13
777.647	4
777.663	12
777.679	17
777.695	4
777.711	17
777.726	14
777.742	23
777.758	32
777.774	26
777.790	20
777.806	23
777.821	14
777.837	13
777.853	14
777.869	29
777.885	30
777.900	19
777.916	13
777.932	24
777.948	18
777.964	22
777.979	19
777.995	22
778.011	18
778.027	10
778.042	20
778.058	13
778.074	17
778.090	15
778.106	16
778.121	14
778.137	14
778.153	16
778.169	14
778.185	14
778.200	12
778.216	14
778.232	18
778.248	16
778.263	15
778.279	18
778.295	11
778.311	19
778.327	14
778.342	14
778.358	22
778.374	11
778.390	18
778.405	17
778.421	25
778.437	23
778.453	20
778.468	11
778.484	4
778.500	9
778.516	13
778.531	10
778.547	9
778.563	19
778.579	17
778.594	21
778.610	16
778.626	18
778.642	10
778.658	14
778.673	17
778.689	16
778.705	19
778.720	11
778.736	16
778.752	22
778.768	14
778.783	15
778.799	23
778.815	21
778.831	23
778.846	36
778.862	42
778.878	29
778.894	20
778.909	21
778.925	19
778.941	21
778.957	25
778.972	8
778.988	17
779.004	14
779.019	13
779.035	17
779.051	28
779.067	28
779.082	23
779.098	20
779.114	14
779.129	18
779.145	27
779.161	26
779.177	21
779.192	19
779.208	16
779.224	18
779.239	18
779.255	14
779.271	28
779.287	16
779.302	14
779.318	22
779.334	15
779.349	5
779.365	19
779.381	9
779.396	19
779.412	12
779.428	12
779.444	14
779.459	21
779.475	16
779.491	18
779.506	13
779.522	16
779.538	15
779.553	16
779.569	17
779.585	14
779.600	27
779.616	14
779.632	21
779.647	7
779.663	13
779.679	26
779.695	21
779.710	14
779.726	13
779.742	21
779.757	16
779.773	15
779.789	17
779.804	24
779.820	26
779.836	24
779.851	10
779.867	8
779.883	8
779.898	18
779.914	15
779.930	13
779.945	14
779.961	17
779.977	18
779.992	15
780.008	12
780.023	6
780.039	12
780.055	10
780.070	10
780.086	9
780.102	8
780.117	7
780.133	8
780.149	19
780.164	18
780.180	12
780.196	11
780.211	12
780.227	16
780.243	13
780.258	14
780.274	19
780.289	15
780.305	24
780.321	17
780.336	4
780.352	12
780.368	11
780.383	9
780.399	12
780.414	13
780.430	13
780.446	16
780.461	24
780.477	25
780.493	14
780.508	13
780.524	7
780.539	19
780.555	3
780.571	13
780.586	15
780.602	21
780.618	39
780.633	23
780.649	30
780.664	16
780.680	10
780.696	11
780.711	13
780.727	23
780.742	23
780.758	29
780.774	19
780.789	19
780.805	11
780.820	12
780.836	13
780.852	17
780.867	10
780.883	25
780.898	15
780.914	14
780.930	21
780.945	17
780.961	15
780.976	20
780.992	16
781.008	18
781.023	15
781.039	11
781.054	13
781.070	21
781.085	17
781.101	11
781.117	22
781.132	22
781.148	15
781.163	22
781.179	16
781.194	22
781.210	17
781.226	14
781.241	8
781.257	14
781.272	15
781.288	10
781.303	19
781.319	12
781.335	17
781.350	22
781.366	23
781.381	15
781.397	22
781.412	22
781.428	18
781.443	13
781.459	16
781.475	13
781.490	18
781.506	11
781.521	12
781.537	16
781.552	23
781.568	19
781.583	22
781.599	17
781.614	19
781.630	19
781.646	16
781.661	23
781.677	21
781.692	14
781.708	15
781.723	22
781.739	24
781.754	14
781.770	9
781.785	15
781.801	19
781.816	12
781.832	25
781.848	12
781.863	20
781.879	16
781.894	13
781.910	19
781.925	23
781.941	23
781.956	14
781.972	15
781.987	15
782.003	17
782.018	13
782.034	25
782.049	13
782.065	24
782.080	23
782.096	23
782.111	29
782.127	26
782.142	34
782.158	24
782.173	31
782.189	16
782.204	30
782.220	18
782.235	24
782.251	30
782.266	29
782.282	21
782.297	23
782.313	26
782.328	10
782.344	17
782.359	15
782.375	13
782.390	19
782.406	13
782.421	19
782.437	16
782.452	16
782.468	28
782.483	26
782.499	13
782.514	17
782.530	14
782.545	21
782.561	16
782.576	14
782.592	14
782.607	18
782.622	16
782.638	19
782.653	18
782.669	19
782.684	33
782.700	32
782.715	30
782.731	32
782.746	20
782.762	17
782.777	22
782.793	40
782.808	24
782.824	29
782.839	16
782.854	19
782.870	17
782.885	35
782.901	17
782.916	21
782.932	14
782.947	16
782.963	20
782.978	21
782.993	9
783.009	14
783.024	27
783.040	46
783.055	54
783.071	49
783.086	52
783.102	77
783.117	64
783.132	89
783.148	73
783.163	91
783.179	83
783.194	71
783.210	71
783.225	44
783.240	47
783.256	42
783.271	29
783.287	33
783.302	22
783.318	34
783.333	28
783.348	29
783.364	39
783.379	30
783.395	29
783.410	25
783.426	41
783.441	17
783.456	9
783.472	15
783.487	19
783.503	23
783.518	30
783.533	26
783.549	52
783.564	48
783.580	58
783.595	55
783.610	60
783.626	50
783.641	38
783.657	34
783.672	29
783.687	24
783.703	27
783.718	46
783.734	56
783.749	70
783.764	61
783.780	48
783.795	58
783.811	37
783.826	48
783.841	49
783.857	47
783.872	64
783.888	92
783.903	83
783.918	77
783.934	52
783.949	28
783.964	26
783.980	53
783.995	73
784.011	76
784.026	69
784.041	50
784.057	31
784.072	21
784.087	16
784.103	42
784.118	55
784.134	64
784.149	41
784.164	23
784.180	20
784.195	22
784.210	65
784.226	66
784.241	60
784.256	45
784.272	37
784.287	28
784.302	38
784.318	49
784.333	73
784.349	52
784.364	18
784.379	24
784.395	28
784.410	41
784.425	28
784.441	21
784.456	18
784.471	34
784.487	55
784.502	48
784.517	46
784.533	28
784.548	51
784.563	52
784.579	48
784.594	41
784.609	51
784.625	54
784.640	43
784.655	38
784.671	63
784.686	62
784.701	58
784.717	46
784.732	45
784.747	61
784.763	66
784.778	49
784.793	38
784.809	45
784.824	63
784.839	64
784.854	40
784.870	34
784.885	66
784.900	81
784.916	63
784.931	35
784.946	24
784.962	69
784.977	47
784.992	32
785.008	21
785.023	50
785.038	57
785.053	19
785.069	13
785.084	67
785.099	61
785.115	32
785.130	24
785.145	52
785.161	72
785.176	25
785.191	21
785.206	46
785.222	50
785.237	41
785.252	24
785.268	45
785.283	35
785.298	34
785.313	31
785.329	55
785.344	32
785.359	24
785.375	29
785.390	55
785.405	37
785.420	47
785.436	41
785.451	32
785.466	28
785.481	43
785.497	40
785.512	36
785.527	29
785.543	35
785.558	36
785.573	33
785.588	34
785.604	50
785.619	29
785.634	19
785.649	67
785.665	42
785.680	28
785.695	20
785.710	36
785.726	56
785.741	62
785.756	76
785.771	40
785.787	38
785.802	42
785.817	42
785.832	28
785.848	34
785.863	70
785.878	62
785.893	75
785.909	47
785.924	70
785.939	31
785.954	43
785.970	60
785.985	45
786.000	62
786.015	38
786.030	30
786.046	38
786.061	38
786.076	56
786.091	25
786.107	42
786.122	40
786.137	20
786.152	46
786.168	36
786.183	31
786.198	14
786.213	41
786.228	26
786.244	35
786.259	45
786.274	28
786.289	45
786.304	31
786.320	28
786.335	31
786.350	32
786.365	35
786.381	24
786.396	45
786.411	41
786.426	39
786.441	58
786.457	34
786.472	28
786.487	54
786.502	38
786.517	28
786.533	37
786.548	46
786.563	14
786.578	24
786.593	34
786.608	36
786.624	45
786.639	61
786.654	39
786.669	57
786.684	30
786.700	35
786.715	63
786.730	56
786.745	50
786.760	55
786.775	28
786.791	50
786.806	48
786.821	27
786.836	24
786.851	37
786.867	30
786.882	51
786.897	31
786.912	33
786.927	25
786.942	24
786.958	41
786.973	36
786.988	18
787.003	36
787.018	29
787.033	19
787.049	24
787.064	14
787.079	39
787.094	41
787.109	22
787.124	28
787.139	29
787.155	40
787.170	27
787.185	31
787.200	33
787.215	17
787.230	19
787.245	18
787.261	20
787.276	24
787.291	24
787.306	38
787.321	40
787.336	28
787.351	33
787.367	40
787.382	18
787.397	5
787.412	20
787.427	22
787.442	23
787.457	36
787.472	21
787.488	26
787.503	24
787.518	16
787.533	14
787.548	14
787.563	23
787.578	28
787.593	43
787.609	40
787.624	36
787.639	24
787.654	26
787.669	27
787.684	27
787.699	39
787.714	58
787.730	78
787.745	101
787.760	115
787.775	115
787.790	109
787.805	95
787.820	74
787.835	62
787.850	60
787.865	60
