771.850	20
771.866	13
771.883	16
771.899	15
771.915	20
771.931	12
771.947	12
771.964	18
771.980	14
771.996	14
772.012	16
772.028	11
772.045	11
772.061	10
772.077	10
772.093	17
772.109	17
772.126	19
772.142	16
772.158	19
772.174	9
772.190	14
772.206	6
772.223	8
772.239	10
772.255	11
772.271	20
772.287	22
772.304	20
772.320	4
772.336	16
772.352	9
772.368	18
772.384	9
772.401	7
772.417	12
772.433	17
772.449	17
772.465	11
772.482	13
772.498	4
772.514	8
772.530	13
772.546	19
772.562	20
772.579	17
772.595	10
772.611	19
772.627	18
772.643	11
772.659	4
772.675	12
772.692	5
772.708	8
772.724	15
772.740	12
772.756	3
772.772	10
772.789	13
772.805	10
772.821	16
772.837	15
772.853	14
772.869	10
772.885	13
772.902	9
772.918	13
772.934	25
772.950	18
772.966	14
772.982	22
772.998	10
773.015	4
773.031	13
773.047	20
773.063	23
773.079	16
773.095	19
773.111	8
773.127	21
773.144	10
773.160	13
773.176	10
773.192	10
773.208	12
773.224	13
773.240	12
773.256	17
773.272	17
773.289	9
773.305	18
773.321	19
773.337	20
773.353	10
773.369	12
773.385	6
773.401	19
773.417	17
773.434	14
773.450	11
773.466	17
773.482	20
773.498	18
773.514	15
773.530	15
773.546	30
773.562	14
773.579	18
773.595	18
773.611	18
773.627	17
773.643	13
773.659	11
773.675	13
773.691	17
773.707	13
773.723	15
773.739	20
773.755	19
773.772	12
773.788	17
773.804	9
773.820	10
773.836	10
773.852	16
773.868	16
773.884	11
773.900	24
773.916	26
773.932	14
773.948	34
773.964	22
773.981	15
773.997	16
774.013	19
774.029	8
774.045	9
774.061	14
774.077	19
774.093	13
774.109	17
774.125	16
774.141	16
774.157	3
774.173	14
774.189	11
774.205	9
774.221	12
774.237	18
774.254	7
774.270	10
774.286	13
774.302	10
774.318	20
774.334	13
774.350	19
774.366	13
774.382	17
774.398	5
774.414	5
774.430	13
774.446	15
774.462	8
774.478	19
774.494	8
774.510	16
774.526	12
774.542	11
774.558	18
774.574	13
774.590	3
774.606	11
774.622	9
774.638	11
774.654	5
774.670	10
774.686	6
774.702	14
774.719	14
774.735	13
774.751	12
774.767	11
774.783	17
774.799	12
774.815	12
774.831	18
774.847	17
774.863	17
774.879	11
774.895	17
774.911	11
774.927	12
774.943	18
774.959	13
774.975	17
774.991	14
775.007	13
775.023	7
775.039	16
775.055	15
775.071	7
775.087	14
775.103	15
775.119	14
775.135	14
775.151	20
775.167	10
775.183	22
775.199	16
775.215	12
775.231	7
775.247	16
775.262	18
775.278	11
775.294	12
775.310	15
775.326	3
775.342	9
775.358	20
775.374	8
775.390	10
775.406	12
775.422	12
775.438	18
775.454	21
775.470	15
775.486	7
775.502	21
775.518	15
775.534	23
775.550	15
775.566	14
775.582	17
775.598	13
775.614	8
775.630	13
775.646	16
775.662	13
775.678	7
775.694	9
775.710	6
775.725	15
775.741	17
775.757	16
775.773	10
775.789	19
775.805	21
775.821	8
775.837	0
775.853	3
775.869	12
775.885	8
775.901	15
775.917	11
775.933	11
775.949	5
775.965	22
775.981	9
775.996	10
776.012	15
776.028	12
776.044	11
776.060	10
776.076	11
776.092	14
776.108	3
776.124	14
776.140	16
776.156	26
776.172	14
776.188	10
776.203	8
776.219	14
776.235	22
776.251	14
776.267	10
776.283	11
776.299	12
776.315	17
776.331	20
776.347	13
776.363	14
776.378	17
776.394	10
776.410	12
776.426	12
776.442	12
776.458	7
776.474	21
776.490	12
776.506	13
776.522	15
776.537	5
776.553	16
776.569	11
776.585	10
776.601	17
776.617	3
776.633	13
776.649	5
776.665	13
776.680	9
776.696	1
776.712	21
776.728	12
776.744	17
776.760	20
776.776	13
776.792	11
776.808	16
776.823	15
776.839	13
776.855	10
776.871	9
776.887	16
776.903	23
776.919	12
776.934	15
776.950	20
776.966	19
776.982	10
776.998	8
777.014	18
777.030	23
777.046	9
777.061	12
777.077	19
777.093	6
777.109	14
777.125	12
777.141	22
777.157	15
777.172	10
777.188	22
777.204	7
777.220	16
777.236	14
777.252	13
777.267	15
777.283	6
777.299	8
777.315	31
777.331	21
777.347	28
777.362	21
777.378	20
777.394	24
777.410	19
777.426	13
777.442	18
777.457	15
777.473	15
777.489	14
777.505	16
777.521	9
777.537	8
777.552	21
777.568	16
777.584	14
777.600	12
777.616	11
777.632	11
777.647	7
777.663	10
777.679	10
777.695	13
777.711	16
777.726	19
777.742	12
777.758	25
777.774	21
777.790	18
777.806	21
777.821	8
777.837	10
777.853	14
777.869	16
777.885	26
777.900	16
777.916	11
777.932	19
777.948	6
777.964	19
777.979	15
777.995	18
778.011	18
778.027	7
778.042	11
778.058	12
778.074	16
778.090	9
778.106	9
778.121	19
778.137	13
778.153	7
778.169	15
778.185	14
778.200	11
778.216	7
778.232	14
778.248	14
778.263	13
778.279	13
778.295	9
778.311	11
778.327	19
778.342	5
778.358	13
778.374	9
778.390	17
778.405	12
778.421	14
778.437	15
778.453	12
778.468	13
778.484	4
778.500	3
778.516	16
778.531	7
778.547	17
778.563	14
778.579	12
778.594	13
778.610	8
778.626	15
778.642	11
778.658	10
778.673	13
778.689	7
778.705	16
778.720	15
778.736	22
778.752	18
778.768	7
778.783	11
778.799	16
778.815	16
778.831	16
778.846	17
778.862	14
778.878	12
778.894	13
778.909	14
778.925	23
778.941	19
778.957	14
778.972	6
778.988	18
779.004	6
779.019	10
779.035	12
779.051	20
779.067	19
779.082	11
779.098	9
779.114	15
779.129	14
779.145	17
779.161	18
779.177	17
779.192	14
779.208	16
779.224	15
779.239	12
779.255	7
779.271	12
779.287	13
779.302	13
779.318	10
779.334	9
779.349	12
779.365	8
779.381	1
779.396	10
779.412	13
779.428	10
779.444	3
779.459	11
779.475	12
779.491	12
779.506	10
779.522	17
779.538	7
779.553	19
779.569	9
779.585	15
779.600	18
779.616	13
779.632	8
779.647	5
779.663	14
779.679	21
779.695	10
779.710	12
779.726	1
779.742	16
779.757	16
779.773	19
779.789	15
779.804	12
779.820	22
779.836	33
779.851	7
779.867	9
779.883	7
779.898	5
779.914	10
779.930	5
779.945	8
779.961	7
779.977	11
779.992	15
780.008	11
780.023	1
780.039	14
780.055	8
780.070	-4
780.086	6
780.102	9
780.117	6
780.133	5
780.149	11
780.164	18
780.180	5
780.196	10
780.211	7
780.227	8
780.243	9
780.258	7
780.274	7
780.289	18
780.305	11
780.321	15
780.336	14
780.352	5
780.368	8
780.383	2
780.399	14
780.414	8
780.430	7
780.446	19
780.461	12
780.477	8
780.493	15
780.508	10
780.524	8
780.539	11
780.555	6
780.571	12
780.586	10
780.602	16
780.618	23
780.633	17
780.649	14
780.664	13
780.680	13
780.696	12
780.711	14
780.727	16
780.742	14
780.758	20
780.774	13
780.789	18
780.805	11
780.820	10
780.836	13
780.852	12
780.867	11
780.883	16
780.898	15
780.914	9
780.930	12
780.945	11
780.961	12
780.976	14
780.992	10
781.008	12
781.023	7
781.039	13
781.054	19
781.070	14
781.085	10
781.101	10
781.117	21
781.132	20
781.148	3
781.163	16
781.179	15
781.194	15
781.210	23
781.226	12
781.241	11
781.257	11
781.272	19
781.288	12
781.303	15
781.319	11
781.335	9
781.350	13
781.366	23
781.381	16
781.397	20
781.412	12
781.428	18
781.443	19
781.459	11
781.475	12
781.490	17
781.506	15
781.521	14
781.537	10
781.552	20
781.568	13
781.583	17
781.599	12
781.614	18
781.630	13
781.646	17
781.661	20
781.677	13
781.692	8
781.708	12
781.723	18
781.739	20
781.754	10
781.770	7
781.785	10
781.801	15
781.816	7
781.832	21
781.848	16
781.863	14
781.879	20
781.894	10
781.910	16
781.925	19
781.941	12
781.956	12
781.972	19
781.987	7
782.003	14
782.018	11
782.034	17
782.049	13
782.065	18
782.080	20
782.096	15
782.111	29
782.127	15
782.142	25
782.158	25
782.173	26
782.189	18
782.204	18
782.220	16
782.235	20
782.251	20
782.266	23
782.282	19
782.297	21
782.313	15
782.328	10
782.344	18
782.359	20
782.375	10
782.390	14
782.406	10
782.421	15
782.437	18
782.452	13
782.468	17
782.483	22
782.499	16
782.514	13
782.530	13
782.545	19
782.561	8
782.576	15
782.592	14
782.607	16
782.622	11
782.638	12
782.653	13
782.669	12
782.684	31
782.700	24
782.715	20
782.731	28
782.746	19
782.762	14
782.777	23
782.793	30
782.808	13
782.824	26
782.839	11
782.854	12
782.870	15
782.885	21
782.901	10
782.916	22
782.932	19
782.947	9
782.963	19
782.978	16
782.993	12
783.009	11
783.024	25
783.040	35
783.055	38
783.071	45
783.086	44
783.102	55
783.117	58
783.132	62
783.148	59
783.163	69
783.179	58
783.194	59
783.210	48
783.225	35
783.240	46
783.256	38
783.271	26
783.287	24
783.302	22
783.318	30
783.333	23
783.348	21
783.364	39
783.379	30
783.395	33
783.410	19
783.426	32
783.441	19
783.456	12
783.472	9
783.487	20
783.503	21
783.518	23
783.533	18
783.549	30
783.564	38
783.580	45
783.595	58
783.610	44
783.626	37
783.641	25
783.657	22
783.672	24
783.687	25
783.703	28
783.718	28
783.734	49
783.749	57
783.764	57
783.780	36
783.795	50
783.811	32
783.826	35
783.841	39
783.857	46
783.872	59
783.888	84
783.903	74
783.918	71
783.934	42
783.949	27
783.964	25
783.980	48
783.995	57
784.011	66
784.026	53
784.041	35
784.057	30
784.072	18
784.087	15
784.103	43
784.118	49
784.134	47
784.149	39
784.164	18
784.180	15
784.195	28
784.210	56
784.226	55
784.241	48
784.256	31
784.272	36
784.287	22
784.302	31
784.318	38
784.333	58
784.349	45
784.364	28
784.379	17
784.395	26
784.410	36
784.425	32
784.441	19
784.456	20
784.471	30
784.487	41
784.502	45
784.517	31
784.533	16
784.548	40
784.563	37
784.579	40
784.594	38
784.609	42
784.625	36
784.640	30
784.655	29
784.671	52
784.686	46
784.701	48
784.717	30
784.732	29
784.747	48
784.763	53
784.778	43
784.793	39
784.809	49
784.824	50
784.839	52
784.854	35
784.870	25
784.885	43
784.900	70
784.916	56
784.931	28
784.946	23
784.962	47
784.977	41
784.992	25
785.008	20
785.023	33
785.038	46
785.053	20
785.069	15
785.084	45
785.099	54
785.115	33
785.130	11
785.145	36
785.161	64
785.176	23
785.191	14
785.206	34
785.222	42
785.237	38
785.252	17
785.268	36
785.283	30
785.298	32
785.313	26
785.329	40
785.344	26
785.359	23
785.375	16
785.390	45
785.405	26
785.420	42
785.436	32
785.451	33
785.466	25
785.481	37
785.497	34
785.512	21
785.527	18
785.543	20
785.558	21
785.573	30
785.588	28
785.604	39
785.619	29
785.634	21
785.649	49
785.665	37
785.680	23
785.695	15
785.710	28
785.726	46
785.741	50
785.756	71
785.771	33
785.787	29
785.802	40
785.817	39
785.832	25
785.848	21
785.863	55
785.878	52
785.893	64
785.909	39
785.924	49
785.939	29
785.954	42
785.970	45
785.985	40
786.000	46
786.015	27
786.030	29
786.046	32
786.061	29
786.076	49
786.091	30
786.107	40
786.122	32
786.137	15
786.152	36
786.168	18
786.183	28
786.198	16
786.213	34
786.228	28
786.244	21
786.259	42
786.274	32
786.289	32
786.304	27
786.320	22
786.335	25
786.350	27
786.365	22
786.381	18
786.396	35
786.411	41
786.426	27
786.441	48
786.457	27
786.472	29
786.487	33
786.502	26
786.517	24
786.533	22
786.548	33
786.563	22
786.578	23
786.593	27
786.608	27
786.624	44
786.639	50
786.654	31
786.669	47
786.684	32
786.700	38
786.715	48
786.730	36
786.745	45
786.760	43
786.775	33
786.791	33
786.806	44
786.821	23
786.836	17
786.851	31
786.867	21
786.882	37
786.897	34
786.912	19
786.927	30
786.942	24
786.958	34
786.973	35
786.988	19
787.003	26
787.018	22
787.033	18
787.049	22
787.064	19
787.079	34
787.094	30
787.109	16
787.124	18
787.139	28
787.155	32
787.170	32
787.185	21
787.200	23
787.215	23
787.230	9
787.245	19
787.261	16
787.276	23
787.291	23
787.306	29
787.321	28
787.336	26
787.351	34
787.367	29
787.382	18
787.397	9
787.412	16
787.427	11
787.442	21
787.457	26
787.472	23
787.488	14
787.503	14
787.518	11
787.533	13
787.548	16
787.563	22
787.578	27
787.593	35
787.609	37
787.624	35
787.639	18
787.654	26
787.669	18
787.684	25
787.699	29
787.714	62
787.730	55
787.745	76
787.760	93
787.775	90
787.790	86
787.805	74
787.820	62
787.835	47
787.850	52
787.865	42
