771.850	35
771.866	31
771.883	26
771.899	28
771.915	43
771.931	20
771.947	24
771.964	36
771.980	34
771.996	21
772.012	22
772.028	32
772.045	23
772.061	29
772.077	24
772.093	33
772.109	24
772.126	30
772.142	27
772.158	29
772.174	28
772.190	31
772.206	43
772.223	22
772.239	31
772.255	35
772.271	32
772.287	32
772.304	28
772.320	15
772.336	29
772.352	36
772.368	32
772.384	25
772.401	24
772.417	29
772.433	39
772.449	19
772.465	26
772.482	25
772.498	28
772.514	31
772.530	34
772.546	34
772.562	48
772.579	31
772.595	28
772.611	24
772.627	30
772.643	26
772.659	24
772.675	32
772.692	29
772.708	20
772.724	29
772.740	25
772.756	22
772.772	25
772.789	25
772.805	29
772.821	33
772.837	32
772.853	31
772.869	24
772.885	23
772.902	35
772.918	35
772.934	41
772.950	39
772.966	29
772.982	38
772.998	24
773.015	24
773.031	39
773.047	35
773.063	42
773.079	27
773.095	45
773.111	22
773.127	42
773.144	27
773.160	35
773.176	27
773.192	24
773.208	29
773.224	29
773.240	29
773.256	36
773.272	31
773.289	32
773.305	32
773.321	34
773.337	33
773.353	21
773.369	31
773.385	26
773.401	33
773.417	23
773.434	38
773.450	17
773.466	33
773.482	46
773.498	43
773.514	44
773.530	43
773.546	54
773.562	41
773.579	46
773.595	46
773.611	37
773.627	37
773.643	38
773.659	28
773.675	36
773.691	29
773.707	31
773.723	32
773.739	34
773.755	36
773.772	30
773.788	33
773.804	23
773.820	30
773.836	30
773.852	42
773.868	31
773.884	43
773.900	46
773.916	39
773.932	38
773.948	49
773.964	45
773.981	38
773.997	36
774.013	41
774.029	14
774.045	16
774.061	35
774.077	32
774.093	40
774.109	27
774.125	35
774.141	29
774.157	16
774.173	34
774.189	32
774.205	29
774.221	23
774.237	31
774.254	20
774.270	28
774.286	33
774.302	26
774.318	30
774.334	38
774.350	34
774.366	27
774.382	31
774.398	27
774.414	23
774.430	30
774.446	33
774.462	27
774.478	36
774.494	27
774.510	32
774.526	22
774.542	26
774.558	36
774.574	22
774.590	25
774.606	21
774.622	27
774.638	30
774.654	19
774.670	30
774.686	28
774.702	27
774.719	24
774.735	27
774.751	31
774.767	22
774.783	24
774.799	33
774.815	30
774.831	39
774.847	28
774.863	25
774.879	30
774.895	31
774.911	28
774.927	27
774.943	29
774.959	27
774.975	45
774.991	31
775.007	30
775.023	30
775.039	27
775.055	23
775.071	25
775.087	28
775.103	29
775.119	38
775.135	41
775.151	30
775.167	31
775.183	40
775.199	34
775.215	33
775.231	25
775.247	34
775.262	27
775.278	40
775.294	38
775.310	24
775.326	23
775.342	26
775.358	28
775.374	25
775.390	24
775.406	29
775.422	40
775.438	34
775.454	44
775.470	34
775.486	37
775.502	47
775.518	34
775.534	43
775.550	40
775.566	39
775.582	34
775.598	27
775.614	25
775.630	25
775.646	37
775.662	35
775.678	31
775.694	32
775.710	18
775.725	28
775.741	30
775.757	19
775.773	24
775.789	40
775.805	36
775.821	23
775.837	25
775.853	18
775.869	34
775.885	37
775.901	31
775.917	19
775.933	36
775.949	24
775.965	33
775.981	20
775.996	19
776.012	24
776.028	31
776.044	22
776.060	27
776.076	33
776.092	30
776.108	21
776.124	30
776.140	26
776.156	31
776.172	25
776.188	23
776.203	31
776.219	35
776.235	41
776.251	24
776.267	31
776.283	28
776.299	35
776.315	41
776.331	39
776.347	33
776.363	36
776.378	37
776.394	32
776.410	30
776.426	21
776.442	29
776.458	23
776.474	31
776.490	28
776.506	24
776.522	35
776.537	20
776.553	33
776.569	31
776.585	29
776.601	32
776.617	25
776.633	31
776.649	19
776.665	27
776.680	29
776.696	31
776.712	31
776.728	31
776.744	26
776.760	39
776.776	29
776.792	21
776.808	25
776.823	24
776.839	31
776.855	39
776.871	32
776.887	36
776.903	32
776.919	33
776.934	32
776.950	48
776.966	46
776.982	26
776.998	29
777.014	21
777.030	36
777.046	29
777.061	23
777.077	31
777.093	29
777.109	33
777.125	29
777.141	27
777.157	30
777.172	37
777.188	33
777.204	20
777.220	34
777.236	41
777.252	39
777.267	36
777.283	27
777.299	28
777.315	55
777.331	58
777.347	47
777.362	40
777.378	48
777.394	57
777.410	39
777.426	27
777.442	29
777.457	31
777.473	24
777.489	32
777.505	31
777.521	24
777.537	22
777.552	45
777.568	29
777.584	23
777.600	39
777.616	28
777.632	28
777.647	24
777.663	26
777.679	31
777.695	30
777.711	38
777.726	49
777.742	38
777.758	60
777.774	52
777.790	40
777.806	39
777.821	29
777.837	36
777.853	35
777.869	38
777.885	53
777.900	40
777.916	27
777.932	31
777.948	32
777.964	47
777.979	39
777.995	26
778.011	25
778.027	26
778.042	32
778.058	29
778.074	27
778.090	24
778.106	29
778.121	27
778.137	32
778.153	21
778.169	27
778.185	37
778.200	28
778.216	30
778.232	31
778.248	34
778.263	40
778.279	39
778.295	19
778.311	31
778.327	40
778.342	21
778.358	28
778.374	28
778.390	31
778.405	27
778.421	33
778.437	36
778.453	25
778.468	26
778.484	19
778.500	15
778.516	23
778.531	16
778.547	24
778.563	22
778.579	32
778.594	41
778.610	37
778.626	31
778.642	24
778.658	26
778.673	22
778.689	36
778.705	30
778.720	23
778.736	40
778.752	18
778.768	23
778.783	24
778.799	38
778.815	36
778.831	32
778.846	28
778.862	33
778.878	31
778.894	35
778.909	30
778.925	35
778.941	35
778.957	32
778.972	30
778.988	26
779.004	23
779.019	24
779.035	25
779.051	38
779.067	39
779.082	30
779.098	27
779.114	36
779.129	28
779.145	43
779.161	34
779.177	29
779.192	24
779.208	35
779.224	37
779.239	29
779.255	19
779.271	30
779.287	32
779.302	20
779.318	24
779.334	25
779.349	20
779.365	17
779.381	27
779.396	28
779.412	30
779.428	20
779.444	14
779.459	27
779.475	34
779.491	35
779.506	27
779.522	27
779.538	33
779.553	29
779.569	24
779.585	23
779.600	40
779.616	21
779.632	28
779.647	28
779.663	33
779.679	37
779.695	33
779.710	23
779.726	21
779.742	38
779.757	40
779.773	37
779.789	26
779.804	34
779.820	34
779.836	36
779.851	16
779.867	27
779.883	24
779.898	21
779.914	28
779.930	28
779.945	17
779.961	26
779.977	24
779.992	26
780.008	21
780.023	11
780.039	21
780.055	19
780.070	12
780.086	17
780.102	23
780.117	17
780.133	17
780.149	23
780.164	28
780.180	14
780.196	24
780.211	16
780.227	24
780.243	25
780.258	19
780.274	31
780.289	38
780.305	32
780.321	32
780.336	24
780.352	21
780.368	21
780.383	20
780.399	25
780.414	24
780.430	22
780.446	24
780.461	32
780.477	27
780.493	29
780.508	25
780.524	16
780.539	30
780.555	24
780.571	23
780.586	31
780.602	35
780.618	43
780.633	20
780.649	28
780.664	22
780.680	25
780.696	21
780.711	27
780.727	34
780.742	27
780.758	44
780.774	27
780.789	29
780.805	19
780.820	31
780.836	27
780.852	26
780.867	30
780.883	42
780.898	36
780.914	27
780.930	32
780.945	35
780.961	28
780.976	30
780.992	25
781.008	35
781.023	33
781.039	28
781.054	35
781.070	34
781.085	33
781.101	21
781.117	43
781.132	42
781.148	21
781.163	34
781.179	34
781.194	36
781.210	34
781.226	25
781.241	38
781.257	32
781.272	30
781.288	29
781.303	32
781.319	35
781.335	23
781.350	40
781.366	47
781.381	36
781.397	31
781.412	27
781.428	36
781.443	31
781.459	30
781.475	38
781.490	34
781.506	27
781.521	28
781.537	31
781.552	34
781.568	27
781.583	31
781.599	22
781.614	31
781.630	31
781.646	31
781.661	40
781.677	32
781.692	24
781.708	34
781.723	42
781.739	34
781.754	28
781.770	31
781.785	24
781.801	38
781.816	32
781.832	38
781.848	28
781.863	40
781.879	39
781.894	31
781.910	36
781.925	34
781.941	27
781.956	32
781.972	33
781.987	29
782.003	29
782.018	33
782.034	28
782.049	25
782.065	31
782.080	42
782.096	45
782.111	64
782.127	58
782.142	64
782.158	56
782.173	50
782.189	40
782.204	45
782.220	47
782.235	37
782.251	41
782.266	53
782.282	48
782.297	42
782.313	40
782.328	37
782.344	31
782.359	19
782.375	30
782.390	33
782.406	23
782.421	43
782.437	41
782.452	34
782.468	46
782.483	36
782.499	41
782.514	42
782.530	25
782.545	41
782.561	36
782.576	29
782.592	29
782.607	33
782.622	33
782.638	29
782.653	33
782.669	30
782.684	50
782.700	57
782.715	44
782.731	47
782.746	25
782.762	49
782.777	46
782.793	70
782.808	38
782.824	49
782.839	25
782.854	38
782.870	48
782.885	51
782.901	37
782.916	32
782.932	43
782.947	36
782.963	38
782.978	37
782.993	30
783.009	37
783.024	63
783.040	79
783.055	93
783.071	106
783.086	105
783.102	127
783.117	134
783.132	144
783.148	150
783.163	171
783.179	161
783.194	142
783.210	128
783.225	93
783.240	86
783.256	87
783.271	64
783.287	46
783.302	52
783.318	57
783.333	52
783.348	55
783.364	64
783.379	60
783.395	59
783.410	68
783.426	78
783.441	43
783.456	31
783.472	30
783.487	29
783.503	42
783.518	47
783.533	44
783.549	81
783.564	87
783.580	131
783.595	113
783.610	120
783.626	95
783.641	59
783.657	63
783.672	58
783.687	49
783.703	53
783.718	80
783.734	107
783.749	106
783.764	117
783.780	97
783.795	102
783.811	68
783.826	86
783.841	89
783.857	91
783.872	143
783.888	167
783.903	162
783.918	161
783.934	93
783.949	51
783.964	55
783.980	108
783.995	132
784.011	149
784.026	132
784.041	88
784.057	63
784.072	52
784.087	35
784.103	84
784.118	111
784.134	114
784.149	82
784.164	50
784.180	42
784.195	60
784.210	102
784.226	130
784.241	112
784.256	74
784.272	55
784.287	60
784.302	73
784.318	96
784.333	125
784.349	99
784.364	46
784.379	35
784.395	56
784.410	82
784.425	64
784.441	46
784.456	32
784.471	61
784.487	92
784.502	96
784.517	76
784.533	59
784.548	87
784.563	98
784.579	84
784.594	87
784.609	101
784.625	99
784.640	69
784.655	86
784.671	111
784.686	127
784.701	105
784.717	85
784.732	78
784.747	114
784.763	121
784.778	85
784.793	71
784.809	106
784.824	114
784.839	133
784.854	76
784.870	59
784.885	113
784.900	147
784.916	116
784.931	53
784.946	54
784.962	124
784.977	98
784.992	55
785.008	50
785.023	90
785.038	101
785.053	43
785.069	42
785.084	118
785.099	100
785.115	58
785.130	37
785.145	97
785.161	121
785.176	47
785.191	39
785.206	82
785.222	113
785.237	79
785.252	48
785.268	72
785.283	64
785.298	67
785.313	62
785.329	118
785.344	52
785.359	55
785.375	49
785.390	87
785.405	68
785.420	93
785.436	84
785.451	69
785.466	65
785.481	73
785.497	88
785.512	57
785.527	66
785.543	64
785.558	46
785.573	70
785.588	79
785.604	61
785.619	51
785.634	55
785.649	122
785.665	96
785.680	61
785.695	40
785.710	61
785.726	114
785.741	120
785.756	144
785.771	75
785.787	69
785.802	66
785.817	83
785.832	50
785.848	67
785.863	140
785.878	120
785.893	144
785.909	86
785.924	110
785.939	61
785.954	74
785.970	109
785.985	95
786.000	105
786.015	80
786.030	65
786.046	79
786.061	94
786.076	116
786.091	63
786.107	77
786.122	60
786.137	48
786.152	86
786.168	49
786.183	51
786.198	43
786.213	75
786.228	45
786.244	67
786.259	92
786.274	69
786.289	79
786.304	54
786.320	59
786.335	53
786.350	53
786.365	56
786.381	47
786.396	93
786.411	72
786.426	69
786.441	121
786.457	62
786.472	64
786.487	102
786.502	50
786.517	52
786.533	73
786.548	69
786.563	40
786.578	55
786.593	71
786.608	64
786.624	90
786.639	94
786.654	64
786.669	108
786.684	74
786.700	69
786.715	110
786.730	99
786.745	84
786.760	104
786.775	51
786.791	73
786.806	77
786.821	62
786.836	56
786.851	81
786.867	61
786.882	81
786.897	75
786.912	48
786.927	69
786.942	56
786.958	63
786.973	68
786.988	53
787.003	58
787.018	60
787.033	38
787.049	57
787.064	39
787.079	79
787.094	68
787.109	55
787.124	53
787.139	50
787.155	52
787.170	67
787.185	51
787.200	45
787.215	40
787.230	32
787.245	38
787.261	31
787.276	40
787.291	62
787.306	68
787.321	77
787.336	70
787.351	55
787.367	60
787.382	42
787.397	29
787.412	45
787.427	41
787.442	43
787.457	62
787.472	50
787.488	50
787.503	43
787.518	17
787.533	30
787.548	23
787.563	44
787.578	58
787.593	68
787.609	86
787.624	76
787.639	55
787.654	42
787.669	37
787.684	51
787.699	77
787.714	125
787.730	142
787.745	205
787.760	242
787.775	220
787.790	222
787.805	178
787.820	140
787.835	110
787.850	106
787.865	115
