771.850	-1
771.866	10
771.883	-1
771.899	0
771.915	4
771.931	6
771.947	7
771.964	5
771.980	4
771.996	4
772.012	9
772.028	-1
772.045	4
772.061	1
772.077	-5
772.093	2
772.109	2
772.126	8
772.142	9
772.158	10
772.174	-1
772.190	1
772.206	3
772.223	-1
772.239	1
772.255	4
772.271	6
772.287	-2
772.304	5
772.320	-6
772.336	9
772.352	0
772.368	7
772.384	8
772.401	-1
772.417	4
772.433	3
772.449	5
772.465	7
772.482	9
772.498	-1
772.514	-6
772.530	4
772.546	14
772.562	2
772.579	5
772.595	4
772.611	3
772.627	3
772.643	2
772.659	0
772.675	12
772.692	-10
772.708	5
772.724	3
772.740	6
772.756	3
772.772	1
772.789	6
772.805	3
772.821	3
772.837	0
772.853	2
772.869	-6
772.885	-2
772.902	-6
772.918	-1
772.934	2
772.950	-1
772.966	5
772.982	2
772.998	-3
773.015	-1
773.031	6
773.047	8
773.063	9
773.079	-1
773.095	4
773.111	3
773.127	10
773.144	15
773.160	0
773.176	-4
773.192	1
773.208	0
773.224	6
773.240	4
773.256	8
773.272	9
773.289	5
773.305	10
773.321	12
773.337	8
773.353	-2
773.369	-3
773.385	8
773.401	2
773.417	4
773.434	3
773.450	-7
773.466	1
773.482	4
773.498	1
773.514	4
773.530	0
773.546	6
773.562	0
773.579	3
773.595	0
773.611	-2
773.627	5
773.643	3
773.659	9
773.675	3
773.691	4
773.707	-3
773.723	0
773.739	6
773.755	12
773.772	-1
773.788	3
773.804	4
773.820	4
773.836	-6
773.852	3
773.868	4
773.884	2
773.900	4
773.916	5
773.932	3
773.948	7
773.964	5
773.981	-4
773.997	2
774.013	12
774.029	-5
774.045	3
774.061	5
774.077	8
774.093	2
774.109	2
774.125	8
774.141	1
774.157	-4
774.173	3
774.189	0
774.205	-2
774.221	6
774.237	5
774.254	-6
774.270	3
774.286	8
774.302	1
774.318	4
774.334	2
774.350	3
774.366	4
774.382	2
774.398	4
774.414	1
774.430	5
774.446	1
774.462	6
774.478	4
774.494	12
774.510	10
774.526	-1
774.542	3
774.558	13
774.574	-1
774.590	0
774.606	2
774.622	6
774.638	-1
774.654	-2
774.670	1
774.686	1
774.702	0
774.719	3
774.735	-2
774.751	3
774.767	4
774.783	-1
774.799	9
774.815	1
774.831	1
774.847	6
774.863	6
774.879	-2
774.895	8
774.911	4
774.927	1
774.943	9
774.959	-4
774.975	4
774.991	7
775.007	9
775.023	4
775.039	1
775.055	-3
775.071	-1
775.087	4
775.103	6
775.119	5
775.135	5
775.151	-3
775.167	0
775.183	8
775.199	4
775.215	5
775.231	2
775.247	-1
775.262	4
775.278	6
775.294	0
775.310	-8
775.326	3
775.342	0
775.358	4
775.374	-6
775.390	4
775.406	8
775.422	0
775.438	7
775.454	7
775.470	0
775.486	-4
775.502	1
775.518	2
775.534	9
775.550	3
775.566	2
775.582	1
775.598	6
775.614	-3
775.630	1
775.646	2
775.662	11
775.678	4
775.694	5
775.710	-1
775.725	1
775.741	7
775.757	-2
775.773	-1
775.789	8
775.805	10
775.821	2
775.837	-2
775.853	-2
775.869	2
775.885	4
775.901	6
775.917	2
775.933	10
775.949	-4
775.965	6
775.981	-1
775.996	-1
776.012	5
776.028	9
776.044	4
776.060	3
776.076	5
776.092	6
776.108	0
776.124	4
776.140	6
776.156	8
776.172	-5
776.188	-2
776.203	-3
776.219	0
776.235	6
776.251	-1
776.267	2
776.283	-2
776.299	2
776.315	4
776.331	4
776.347	4
776.363	2
776.378	1
776.394	7
776.410	6
776.426	5
776.442	5
776.458	6
776.474	8
776.490	0
776.506	3
776.522	7
776.537	1
776.553	9
776.569	4
776.585	3
776.601	11
776.617	6
776.633	5
776.649	-4
776.665	5
776.680	5
776.696	0
776.712	7
776.728	5
776.744	-2
776.760	4
776.776	6
776.792	6
776.808	-1
776.823	12
776.839	1
776.855	-3
776.871	-1
776.887	-4
776.903	8
776.919	6
776.934	7
776.950	-3
776.966	6
776.982	7
776.998	2
777.014	4
777.030	4
777.046	-1
777.061	6
777.077	7
777.093	-2
777.109	5
777.125	2
777.141	6
777.157	0
777.172	-3
777.188	5
777.204	3
777.220	6
777.236	-7
777.252	-1
777.267	5
777.283	6
777.299	0
777.315	5
777.331	0
777.347	5
777.362	-6
777.378	4
777.394	-4
777.410	0
777.426	10
777.442	5
777.457	2
777.473	2
777.489	3
777.505	10
777.521	-3
777.537	1
777.552	7
777.568	-1
777.584	-1
777.600	-2
777.616	-8
777.632	2
777.647	1
777.663	-2
777.679	-1
777.695	-4
777.711	0
777.726	2
777.742	-4
777.758	0
777.774	4
777.790	4
777.806	3
777.821	-2
777.837	-5
777.853	2
777.869	9
777.885	10
777.900	-4
777.916	-1
777.932	4
777.948	1
777.964	3
777.979	5
777.995	12
778.011	6
778.027	4
778.042	3
778.058	-1
778.074	3
778.090	5
778.106	-5
778.121	-1
778.137	3
778.153	5
778.169	7
778.185	5
778.200	-3
778.216	-1
778.232	-1
778.248	4
778.263	4
778.279	1
778.295	-7
778.311	7
778.327	6
778.342	-5
778.358	3
778.374	6
778.390	1
778.405	2
778.421	8
778.437	6
778.453	3
778.468	8
778.484	1
778.500	2
778.516	3
778.531	-4
778.547	4
778.563	1
778.579	-2
778.594	5
778.610	7
778.626	4
778.642	0
778.658	0
778.673	1
778.689	5
778.705	5
778.720	-4
778.736	6
778.752	1
778.768	8
778.783	-1
778.799	5
778.815	2
778.831	-1
778.846	8
778.862	4
778.878	-4
778.894	6
778.909	4
778.925	4
778.941	6
778.957	4
778.972	3
778.988	13
779.004	3
779.019	2
779.035	-5
779.051	8
779.067	5
779.082	7
779.098	2
779.114	8
779.129	0
779.145	11
779.161	3
779.177	-2
779.192	4
779.208	8
779.224	-1
779.239	8
779.255	-4
779.271	10
779.287	-1
779.302	8
779.318	4
779.334	-3
779.349	-9
779.365	5
779.381	-4
779.396	1
779.412	3
779.428	-1
779.444	-2
779.459	2
779.475	3
779.491	4
779.506	3
779.522	6
779.538	-1
779.553	8
779.569	-1
779.585	8
779.600	9
779.616	-4
779.632	-3
779.647	1
779.663	1
779.679	6
779.695	9
779.710	4
779.726	-3
779.742	3
779.757	0
779.773	9
779.789	6
779.804	7
779.820	7
779.836	18
779.851	-7
779.867	1
779.883	6
779.898	-3
779.914	5
779.930	5
779.945	-3
779.961	-3
779.977	-1
779.992	8
780.008	8
780.023	2
780.039	6
780.055	3
780.070	-13
780.086	-3
780.102	2
780.117	-1
780.133	-4
780.149	8
780.164	12
780.180	-7
780.196	2
780.211	-1
780.227	3
780.243	1
780.258	3
780.274	0
780.289	4
780.305	8
780.321	1
780.336	-6
780.352	-7
780.368	3
780.383	3
780.399	-1
780.414	1
780.430	4
780.446	4
780.461	3
780.477	1
780.493	2
780.508	2
780.524	-2
780.539	5
780.555	-8
780.571	6
780.586	0
780.602	4
780.618	10
780.633	-9
780.649	8
780.664	2
780.680	-2
780.696	0
780.711	0
780.727	12
780.742	0
780.758	10
780.774	8
780.789	-1
780.805	5
780.820	9
780.836	7
780.852	2
780.867	4
780.883	8
780.898	9
780.914	-3
780.930	4
780.945	1
780.961	4
780.976	9
780.992	-3
781.008	8
781.023	-5
781.039	8
781.054	-2
781.070	4
781.085	7
781.101	-4
781.117	4
781.132	7
781.148	-3
781.163	6
781.179	0
781.194	6
781.210	2
781.226	-3
781.241	3
781.257	8
781.272	3
781.288	1
781.303	9
781.319	1
781.335	-1
781.350	-2
781.366	9
781.381	4
781.397	17
781.412	5
781.428	4
781.443	6
781.459	-3
781.475	3
781.490	-3
781.506	2
781.521	9
781.537	3
781.552	9
781.568	0
781.583	5
781.599	5
781.614	6
781.630	8
781.646	0
781.661	11
781.677	1
781.692	1
781.708	-3
781.723	5
781.739	5
781.754	5
781.770	1
781.785	-2
781.801	7
781.816	0
781.832	6
781.848	5
781.863	6
781.879	8
781.894	4
781.910	-1
781.925	7
781.941	-1
781.956	2
781.972	-1
781.987	0
782.003	5
782.018	-1
782.034	9
782.049	2
782.065	2
782.080	3
782.096	3
782.111	8
782.127	-3
782.142	7
782.158	0
782.173	5
782.189	-6
782.204	6
782.220	2
782.235	2
782.251	13
782.266	3
782.282	5
782.297	8
782.313	6
782.328	7
782.344	2
782.359	-2
782.375	2
782.390	8
782.406	7
782.421	-3
782.437	7
782.452	5
782.468	8
782.483	4
782.499	11
782.514	4
782.530	3
782.545	8
782.561	2
782.576	-1
782.592	6
782.607	0
782.622	2
782.638	4
782.653	2
782.669	2
782.684	14
782.700	-1
782.715	4
782.731	12
782.746	4
782.762	-2
782.777	5
782.793	2
782.808	-9
782.824	11
782.839	7
782.854	9
782.870	3
782.885	5
782.901	7
782.916	13
782.932	-1
782.947	-4
782.963	2
782.978	10
782.993	4
783.009	2
783.024	5
783.040	6
783.055	5
783.071	5
783.086	9
783.102	14
783.117	11
783.132	7
783.148	-1
783.163	9
783.179	6
783.194	4
783.210	10
783.225	1
783.240	1
783.256	14
783.271	6
783.287	4
783.302	7
783.318	19
783.333	11
783.348	0
783.364	7
783.379	12
783.395	9
783.410	-1
783.426	12
783.441	9
783.456	1
783.472	10
783.487	4
783.503	11
783.518	8
783.533	1
783.549	4
783.564	11
783.580	7
783.595	11
783.610	6
783.626	6
783.641	6
783.657	6
783.672	5
783.687	9
783.703	17
783.718	14
783.734	12
783.749	18
783.764	17
783.780	8
783.795	14
783.811	5
783.826	10
783.841	3
783.857	3
783.872	11
783.888	7
783.903	8
783.918	5
783.934	8
783.949	15
783.964	11
783.980	16
783.995	14
784.011	11
784.026	9
784.041	3
784.057	3
784.072	2
784.087	5
784.103	7
784.118	7
784.134	8
784.149	3
784.164	5
784.180	4
784.195	5
784.210	15
784.226	9
784.241	5
784.256	9
784.272	19
784.287	11
784.302	11
784.318	7
784.333	12
784.349	11
784.364	12
784.379	10
784.395	4
784.410	4
784.425	7
784.441	13
784.456	6
784.471	12
784.487	8
784.502	19
784.517	14
784.533	1
784.548	11
784.563	11
784.579	9
784.594	9
784.609	11
784.625	1
784.640	3
784.655	3
784.671	14
784.686	13
784.701	10
784.717	7
784.732	5
784.747	10
784.763	10
784.778	12
784.793	12
784.809	10
784.824	-2
784.839	8
784.854	2
784.870	8
784.885	8
784.900	12
784.916	8
784.931	11
784.946	4
784.962	2
784.977	11
784.992	8
785.008	8
785.023	13
785.038	3
785.053	10
785.069	5
785.084	9
785.099	12
785.115	8
785.130	9
785.145	19
785.161	15
785.176	9
785.191	5
785.206	7
785.222	0
785.237	10
785.252	-2
785.268	10
785.283	4
785.298	9
785.313	8
785.329	5
785.344	9
785.359	12
785.375	7
785.390	-1
785.405	4
785.420	12
785.436	9
785.451	5
785.466	4
785.481	12
785.497	5
785.512	9
785.527	-1
785.543	-3
785.558	2
785.573	5
785.588	-1
785.604	16
785.619	5
785.634	9
785.649	13
785.665	4
785.680	6
785.695	6
785.710	6
785.726	6
785.741	7
785.756	13
785.771	7
785.787	8
785.802	11
785.817	3
785.832	8
785.848	0
785.863	4
785.878	0
785.893	3
785.909	1
785.924	10
785.939	16
785.954	13
785.970	13
785.985	7
786.000	10
786.015	7
786.030	12
786.046	10
786.061	4
786.076	16
786.091	8
786.107	7
786.122	6
786.137	6
786.152	12
786.168	7
786.183	17
786.198	7
786.213	8
786.228	8
786.244	5
786.259	5
786.274	15
786.289	8
786.304	3
786.320	4
786.335	7
786.350	7
786.365	10
786.381	16
786.396	8
786.411	13
786.426	9
786.441	5
786.457	6
786.472	10
786.487	-3
786.502	9
786.517	7
786.533	15
786.548	8
786.563	10
786.578	7
786.593	-4
786.608	11
786.624	11
786.639	1
786.654	9
786.669	5
786.684	-5
786.700	7
786.715	3
786.730	8
786.745	10
786.760	1
786.775	1
786.791	6
786.806	6
786.821	2
786.836	3
786.851	8
786.867	1
786.882	8
786.897	6
786.912	2
786.927	9
786.942	-1
786.958	5
786.973	9
786.988	1
787.003	4
787.018	0
787.033	5
787.049	6
787.064	11
787.079	3
787.094	13
787.109	3
787.124	15
787.139	7
787.155	14
787.170	2
787.185	11
787.200	8
787.215	11
787.230	2
787.245	3
787.261	5
787.276	3
787.291	6
787.306	2
787.321	7
787.336	4
787.351	5
787.367	7
787.382	6
787.397	0
787.412	11
787.427	-2
787.442	11
787.457	4
787.472	0
787.488	5
787.503	5
787.518	-1
787.533	12
787.548	3
787.563	14
787.578	8
787.593	5
787.609	12
787.624	13
787.639	8
787.654	6
787.669	14
787.684	10
787.699	14
787.714	7
787.730	10
787.745	3
787.760	3
787.775	1
787.790	16
787.805	7
787.820	4
787.835	9
787.850	12
787.865	11
