771.850	16
771.866	26
771.883	20
771.899	24
771.915	33
771.931	21
771.947	20
771.964	27
771.980	24
771.996	20
772.012	25
772.028	25
772.045	21
772.061	23
772.077	18
772.093	26
772.109	26
772.126	27
772.142	28
772.158	19
772.174	18
772.190	25
772.206	23
772.223	23
772.239	24
772.255	24
772.271	35
772.287	27
772.304	32
772.320	15
772.336	21
772.352	20
772.368	26
772.384	20
772.401	19
772.417	25
772.433	31
772.449	16
772.465	20
772.482	22
772.498	19
772.514	19
772.530	25
772.546	37
772.562	26
772.579	30
772.595	24
772.611	19
772.627	24
772.643	24
772.659	19
772.675	20
772.692	16
772.708	12
772.724	16
772.740	19
772.756	13
772.772	24
772.789	13
772.805	20
772.821	31
772.837	26
772.853	25
772.869	27
772.885	20
772.902	20
772.918	20
772.934	36
772.950	31
772.966	19
772.982	30
772.998	19
773.015	13
773.031	16
773.047	28
773.063	34
773.079	18
773.095	31
773.111	19
773.127	33
773.144	29
773.160	27
773.176	21
773.192	17
773.208	13
773.224	29
773.240	21
773.256	28
773.272	25
773.289	28
773.305	30
773.321	24
773.337	24
773.353	11
773.369	20
773.385	24
773.401	28
773.417	19
773.434	23
773.450	21
773.466	27
773.482	23
773.498	39
773.514	36
773.530	38
773.546	43
773.562	29
773.579	34
773.595	32
773.611	30
773.627	32
773.643	26
773.659	13
773.675	25
773.691	23
773.707	30
773.723	20
773.739	33
773.755	30
773.772	25
773.788	24
773.804	23
773.820	23
773.836	21
773.852	33
773.868	20
773.884	27
773.900	40
773.916	40
773.932	34
773.948	45
773.964	33
773.981	25
773.997	34
774.013	34
774.029	10
774.045	16
774.061	21
774.077	24
774.093	27
774.109	23
774.125	31
774.141	22
774.157	14
774.173	25
774.189	16
774.205	24
774.221	21
774.237	17
774.254	23
774.270	28
774.286	24
774.302	24
774.318	29
774.334	28
774.350	28
774.366	27
774.382	26
774.398	17
774.414	20
774.430	25
774.446	28
774.462	20
774.478	30
774.494	26
774.510	26
774.526	33
774.542	24
774.558	25
774.574	18
774.590	22
774.606	21
774.622	22
774.638	17
774.654	17
774.670	31
774.686	16
774.702	24
774.719	23
774.735	21
774.751	21
774.767	24
774.783	22
774.799	25
774.815	25
774.831	28
774.847	29
774.863	20
774.879	16
774.895	29
774.911	22
774.927	24
774.943	34
774.959	16
774.975	25
774.991	35
775.007	34
775.023	21
775.039	21
775.055	33
775.071	26
775.087	20
775.103	26
775.119	23
775.135	30
775.151	22
775.167	31
775.183	29
775.199	32
775.215	24
775.231	21
775.247	27
775.262	27
775.278	20
775.294	26
775.310	24
775.326	22
775.342	22
775.358	25
775.374	16
775.390	18
775.406	21
775.422	29
775.438	27
775.454	33
775.470	28
775.486	29
775.502	38
775.518	25
775.534	33
775.550	31
775.566	25
775.582	26
775.598	26
775.614	17
775.630	25
775.646	40
775.662	20
775.678	19
775.694	22
775.710	17
775.725	24
775.741	30
775.757	19
775.773	25
775.789	26
775.805	27
775.821	18
775.837	14
775.853	15
775.869	20
775.885	30
775.901	29
775.917	18
775.933	26
775.949	21
775.965	27
775.981	19
775.996	14
776.012	18
776.028	31
776.044	22
776.060	15
776.076	27
776.092	24
776.108	20
776.124	23
776.140	23
776.156	28
776.172	30
776.188	15
776.203	24
776.219	31
776.235	31
776.251	31
776.267	26
776.283	23
776.299	26
776.315	39
776.331	31
776.347	27
776.363	27
776.378	34
776.394	24
776.410	15
776.426	15
776.442	26
776.458	23
776.474	26
776.490	21
776.506	19
776.522	26
776.537	18
776.553	26
776.569	17
776.585	27
776.601	30
776.617	21
776.633	23
776.649	25
776.665	26
776.680	25
776.696	25
776.712	36
776.728	28
776.744	24
776.760	28
776.776	20
776.792	19
776.808	21
776.823	26
776.839	18
776.855	26
776.871	19
776.887	24
776.903	28
776.919	29
776.934	28
776.950	28
776.966	34
776.982	22
776.998	10
777.014	16
777.030	30
777.046	24
777.061	15
777.077	28
777.093	24
777.109	30
777.125	25
777.141	29
777.157	19
777.172	24
777.188	29
777.204	21
777.220	41
777.236	25
777.252	27
777.267	27
777.283	26
777.299	26
777.315	38
777.331	56
777.347	41
777.362	33
777.378	44
777.394	42
777.410	31
777.426	25
777.442	26
777.457	27
777.473	24
777.489	22
777.505	26
777.521	21
777.537	20
777.552	31
777.568	23
777.584	19
777.600	28
777.616	20
777.632	23
777.647	25
777.663	19
777.679	23
777.695	17
777.711	29
777.726	37
777.742	35
777.758	48
777.774	37
777.790	38
777.806	32
777.821	25
777.837	27
777.853	36
777.869	37
777.885	44
777.900	31
777.916	25
777.932	32
777.948	28
777.964	34
777.979	31
777.995	27
778.011	26
778.027	25
778.042	22
778.058	14
778.074	22
778.090	23
778.106	25
778.121	30
778.137	23
778.153	21
778.169	22
778.185	27
778.200	21
778.216	13
778.232	25
778.248	27
778.263	31
778.279	24
778.295	15
778.311	23
778.327	23
778.342	14
778.358	27
778.374	26
778.390	20
778.405	16
778.421	29
778.437	26
778.453	17
778.468	24
778.484	16
778.500	17
778.516	21
778.531	20
778.547	18
778.563	19
778.579	28
778.594	34
778.610	21
778.626	24
778.642	19
778.658	18
778.673	16
778.689	23
778.705	30
778.720	17
778.736	27
778.752	23
778.768	18
778.783	28
778.799	30
778.815	29
778.831	25
778.846	25
778.862	33
778.878	35
778.894	30
778.909	22
778.925	29
778.941	29
778.957	30
778.972	18
778.988	33
779.004	18
779.019	19
779.035	18
779.051	26
779.067	32
779.082	23
779.098	30
779.114	28
779.129	20
779.145	35
779.161	27
779.177	25
779.192	21
779.208	24
779.224	32
779.239	28
779.255	21
779.271	32
779.287	32
779.302	24
779.318	26
779.334	18
779.349	21
779.365	25
779.381	17
779.396	23
779.412	17
779.428	28
779.444	15
779.459	16
779.475	14
779.491	26
779.506	10
779.522	30
779.538	21
779.553	33
779.569	15
779.585	26
779.600	28
779.616	18
779.632	19
779.647	19
779.663	27
779.679	23
779.695	29
779.710	17
779.726	22
779.742	32
779.757	21
779.773	43
779.789	25
779.804	35
779.820	31
779.836	36
779.851	19
779.867	23
779.883	20
779.898	16
779.914	16
779.930	20
779.945	14
779.961	24
779.977	20
779.992	18
780.008	19
780.023	9
780.039	19
780.055	19
780.070	17
780.086	16
780.102	16
780.117	21
780.133	15
780.149	19
780.164	30
780.180	13
780.196	14
780.211	19
780.227	24
780.243	19
780.258	24
780.274	24
780.289	22
780.305	24
780.321	22
780.336	21
780.352	16
780.368	15
780.383	19
780.399	20
780.414	22
780.430	22
780.446	30
780.461	23
780.477	23
780.493	22
780.508	25
780.524	17
780.539	26
780.555	13
780.571	22
780.586	20
780.602	29
780.618	35
780.633	17
780.649	26
780.664	14
780.680	18
780.696	17
780.711	15
780.727	32
780.742	15
780.758	35
780.774	23
780.789	25
780.805	17
780.820	22
780.836	19
780.852	19
780.867	30
780.883	33
780.898	32
780.914	20
780.930	24
780.945	24
780.961	21
780.976	22
780.992	19
781.008	28
781.023	22
781.039	19
781.054	32
781.070	22
781.085	30
781.101	21
781.117	24
781.132	34
781.148	18
781.163	23
781.179	31
781.194	25
781.210	28
781.226	23
781.241	18
781.257	17
781.272	20
781.288	20
781.303	27
781.319	23
781.335	20
781.350	28
781.366	33
781.381	22
781.397	27
781.412	26
781.428	26
781.443	26
781.459	23
781.475	30
781.490	27
781.506	20
781.521	24
781.537	19
781.552	35
781.568	27
781.583	28
781.599	27
781.614	24
781.630	29
781.646	27
781.661	34
781.677	22
781.692	14
781.708	17
781.723	30
781.739	28
781.754	25
781.770	22
781.785	19
781.801	30
781.816	19
781.832	32
781.848	22
781.863	32
781.879	31
781.894	28
781.910	30
781.925	32
781.941	27
781.956	25
781.972	26
781.987	20
782.003	25
782.018	29
782.034	31
782.049	25
782.065	30
782.080	38
782.096	42
782.111	46
782.127	44
782.142	55
782.158	52
782.173	43
782.189	28
782.204	29
782.220	30
782.235	32
782.251	32
782.266	39
782.282	36
782.297	34
782.313	34
782.328	17
782.344	28
782.359	18
782.375	22
782.390	25
782.406	21
782.421	33
782.437	31
782.452	27
782.468	33
782.483	29
782.499	32
782.514	21
782.530	21
782.545	25
782.561	26
782.576	32
782.592	26
782.607	29
782.622	28
782.638	27
782.653	22
782.669	20
782.684	38
782.700	51
782.715	36
782.731	43
782.746	29
782.762	32
782.777	32
782.793	59
782.808	37
782.824	42
782.839	23
782.854	31
782.870	33
782.885	32
782.901	29
782.916	25
782.932	27
782.947	24
782.963	33
782.978	30
782.993	30
783.009	25
783.024	37
783.040	65
783.055	66
783.071	86
783.086	85
783.102	111
783.117	106
783.132	122
783.148	110
783.163	131
783.179	122
783.194	98
783.210	99
783.225	78
783.240	79
783.256	61
783.271	54
783.287	47
783.302	39
783.318	45
783.333	33
783.348	44
783.364	51
783.379	42
783.395	51
783.410	42
783.426	54
783.441	30
783.456	27
783.472	22
783.487	25
783.503	40
783.518	36
783.533	39
783.549	63
783.564	70
783.580	82
783.595	102
783.610	86
783.626	80
783.641	61
783.657	56
783.672	50
783.687	40
783.703	43
783.718	60
783.734	88
783.749	97
783.764	92
783.780	74
783.795	77
783.811	57
783.826	71
783.841	79
783.857	77
783.872	111
783.888	128
783.903	126
783.918	120
783.934	70
783.949	32
783.964	49
783.980	75
783.995	101
784.011	118
784.026	95
784.041	72
784.057	46
784.072	31
784.087	33
784.103	61
784.118	89
784.134	97
784.149	67
784.164	38
784.180	25
784.195	46
784.210	90
784.226	104
784.241	86
784.256	50
784.272	46
784.287	39
784.302	54
784.318	81
784.333	103
784.349	80
784.364	36
784.379	24
784.395	45
784.410	59
784.425	48
784.441	39
784.456	29
784.471	59
784.487	76
784.502	73
784.517	50
784.533	40
784.548	73
784.563	89
784.579	77
784.594	65
784.609	82
784.625	70
784.640	68
784.655	54
784.671	88
784.686	100
784.701	76
784.717	59
784.732	62
784.747	86
784.763	85
784.778	70
784.793	52
784.809	88
784.824	98
784.839	101
784.854	63
784.870	48
784.885	83
784.900	115
784.916	84
784.931	45
784.946	32
784.962	89
784.977	87
784.992	52
785.008	42
785.023	64
785.038	84
785.053	35
785.069	31
785.084	94
785.099	79
785.115	53
785.130	33
785.145	81
785.161	111
785.176	36
785.191	31
785.206	70
785.222	83
785.237	69
785.252	34
785.268	52
785.283	53
785.298	54
785.313	40
785.329	91
785.344	48
785.359	42
785.375	34
785.390	79
785.405	55
785.420	79
785.436	68
785.451	55
785.466	52
785.481	61
785.497	67
785.512	45
785.527	49
785.543	65
785.558	39
785.573	43
785.588	58
785.604	51
785.619	43
785.634	31
785.649	92
785.665	64
785.680	50
785.695	40
785.710	43
785.726	80
785.741	82
785.756	113
785.771	52
785.787	62
785.802	52
785.817	63
785.832	39
785.848	44
785.863	111
785.878	102
785.893	102
785.909	77
785.924	98
785.939	49
785.954	63
785.970	76
785.985	70
786.000	92
786.015	71
786.030	48
786.046	52
786.061	61
786.076	83
786.091	49
786.107	71
786.122	60
786.137	39
786.152	78
786.168	44
786.183	42
786.198	25
786.213	65
786.228	47
786.244	51
786.259	73
786.274	62
786.289	65
786.304	52
786.320	38
786.335	48
786.350	44
786.365	47
786.381	45
786.396	64
786.411	64
786.426	50
786.441	90
786.457	57
786.472	55
786.487	80
786.502	49
786.517	34
786.533	50
786.548	52
786.563	33
786.578	38
786.593	47
786.608	53
786.624	69
786.639	86
786.654	52
786.669	82
786.684	55
786.700	52
786.715	89
786.730	81
786.745	67
786.760	78
786.775	49
786.791	71
786.806	60
786.821	45
786.836	42
786.851	62
786.867	40
786.882	70
786.897	56
786.912	37
786.927	51
786.942	36
786.958	54
786.973	56
786.988	36
787.003	48
787.018	56
787.033	30
787.049	46
787.064	25
787.079	48
787.094	57
787.109	29
787.124	28
787.139	41
787.155	46
787.170	48
787.185	36
787.200	37
787.215	30
787.230	13
787.245	33
787.261	36
787.276	39
787.291	42
787.306	43
787.321	64
787.336	56
787.351	53
787.367	51
787.382	28
787.397	19
787.412	32
787.427	27
787.442	29
787.457	45
787.472	41
787.488	35
787.503	35
787.518	22
787.533	15
787.548	19
787.563	33
787.578	42
787.593	63
787.609	71
787.624	66
787.639	39
787.654	33
787.669	29
787.684	42
787.699	65
787.714	94
787.730	113
787.745	157
787.760	176
787.775	181
787.790	175
787.805	138
787.820	111
787.835	78
787.850	79
787.865	78
