771.850	14
771.866	14
771.883	11
771.899	14
771.915	18
771.931	11
771.947	24
771.964	17
771.980	17
771.996	18
772.012	13
772.028	16
772.045	9
772.061	16
772.077	4
772.093	21
772.109	18
772.126	19
772.142	8
772.158	17
772.174	2
772.190	16
772.206	18
772.223	8
772.239	17
772.255	14
772.271	14
772.287	18
772.304	16
772.320	5
772.336	16
772.352	13
772.368	17
772.384	15
772.401	13
772.417	20
772.433	20
772.449	18
772.465	9
772.482	11
772.498	13
772.514	11
772.530	20
772.546	20
772.562	18
772.579	22
772.595	6
772.611	18
772.627	13
772.643	10
772.659	12
772.675	17
772.692	10
772.708	10
772.724	16
772.740	15
772.756	16
772.772	8
772.789	13
772.805	14
772.821	14
772.837	19
772.853	12
772.869	10
772.885	4
772.902	12
772.918	9
772.934	18
772.950	18
772.966	18
772.982	16
772.998	16
773.015	6
773.031	21
773.047	17
773.063	15
773.079	7
773.095	18
773.111	12
773.127	26
773.144	12
773.160	17
773.176	10
773.192	7
773.208	9
773.224	18
773.240	9
773.256	21
773.272	9
773.289	22
773.305	15
773.321	19
773.337	19
773.353	11
773.369	11
773.385	6
773.401	16
773.417	16
773.434	19
773.450	10
773.466	16
773.482	18
773.498	16
773.514	21
773.530	25
773.546	21
773.562	13
773.579	18
773.595	15
773.611	15
773.627	23
773.643	20
773.659	10
773.675	16
773.691	16
773.707	14
773.723	6
773.739	17
773.755	20
773.772	11
773.788	21
773.804	12
773.820	13
773.836	10
773.852	22
773.868	12
773.884	20
773.900	18
773.916	19
773.932	15
773.948	26
773.964	29
773.981	9
773.997	17
774.013	23
774.029	11
774.045	17
774.061	20
774.077	21
774.093	16
774.109	15
774.125	24
774.141	17
774.157	8
774.173	18
774.189	15
774.205	8
774.221	10
774.237	15
774.254	8
774.270	10
774.286	14
774.302	14
774.318	20
774.334	17
774.350	18
774.366	17
774.382	13
774.398	6
774.414	4
774.430	12
774.446	16
774.462	13
774.478	16
774.494	16
774.510	22
774.526	15
774.542	19
774.558	21
774.574	11
774.590	7
774.606	10
774.622	14
774.638	9
774.654	6
774.670	12
774.686	10
774.702	6
774.719	16
774.735	17
774.751	11
774.767	12
774.783	19
774.799	12
774.815	10
774.831	11
774.847	17
774.863	15
774.879	10
774.895	16
774.911	12
774.927	10
774.943	21
774.959	10
774.975	18
774.991	16
775.007	17
775.023	12
775.039	8
775.055	15
775.071	15
775.087	12
775.103	15
775.119	20
775.135	15
775.151	13
775.167	16
775.183	25
775.199	18
775.215	24
775.231	7
775.247	17
775.262	19
775.278	20
775.294	19
775.310	11
775.326	15
775.342	18
775.358	26
775.374	6
775.390	15
775.406	15
775.422	21
775.438	20
775.454	22
775.470	14
775.486	16
775.502	31
775.518	17
775.534	19
775.550	23
775.566	14
775.582	9
775.598	12
775.614	5
775.630	10
775.646	18
775.662	15
775.678	13
775.694	19
775.710	4
775.725	9
775.741	15
775.757	13
775.773	17
775.789	23
775.805	17
775.821	8
775.837	8
775.853	10
775.869	8
775.885	20
775.901	17
775.917	17
775.933	22
775.949	8
775.965	18
775.981	7
775.996	10
776.012	13
776.028	20
776.044	10
776.060	12
776.076	10
776.092	17
776.108	11
776.124	19
776.140	13
776.156	18
776.172	14
776.188	16
776.203	17
776.219	18
776.235	21
776.251	19
776.267	13
776.283	11
776.299	15
776.315	26
776.331	17
776.347	14
776.363	13
776.378	15
776.394	15
776.410	8
776.426	8
776.442	21
776.458	6
776.474	13
776.490	12
776.506	15
776.522	17
776.537	9
776.553	13
776.569	16
776.585	16
776.601	14
776.617	11
776.633	9
776.649	12
776.665	19
776.680	9
776.696	13
776.712	19
776.728	8
776.744	16
776.760	24
776.776	18
776.792	10
776.808	19
776.823	13
776.839	15
776.855	16
776.871	14
776.887	18
776.903	20
776.919	18
776.934	15
776.950	17
776.966	20
776.982	12
776.998	14
777.014	14
777.030	24
777.046	14
777.061	9
777.077	24
777.093	8
777.109	22
777.125	7
777.141	17
777.157	19
777.172	9
777.188	17
777.204	10
777.220	22
777.236	8
777.252	14
777.267	17
777.283	7
777.299	11
777.315	28
777.331	34
777.347	29
777.362	21
777.378	25
777.394	27
777.410	16
777.426	17
777.442	20
777.457	16
777.473	13
777.489	17
777.505	18
777.521	9
777.537	8
777.552	20
777.568	11
777.584	8
777.600	19
777.616	16
777.632	14
777.647	16
777.663	14
777.679	15
777.695	12
777.711	20
777.726	20
777.742	21
777.758	28
777.774	30
777.790	23
777.806	18
777.821	9
777.837	13
777.853	15
777.869	23
777.885	30
777.900	20
777.916	12
777.932	16
777.948	19
777.964	23
777.979	16
777.995	23
778.011	11
778.027	11
778.042	15
778.058	13
778.074	17
778.090	17
778.106	8
778.121	21
778.137	21
778.153	12
778.169	11
778.185	12
778.200	10
778.216	8
778.232	20
778.248	21
778.263	18
778.279	16
778.295	10
778.311	16
778.327	17
778.342	10
778.358	21
778.374	16
778.390	16
778.405	16
778.421	17
778.437	20
778.453	11
778.468	19
778.484	5
778.500	6
778.516	12
778.531	0
778.547	16
778.563	9
778.579	13
778.594	18
778.610	18
778.626	10
778.642	7
778.658	6
778.673	11
778.689	10
778.705	11
778.720	5
778.736	16
778.752	9
778.768	14
778.783	15
778.799	14
778.815	18
778.831	16
778.846	15
778.862	20
778.878	15
778.894	13
778.909	17
778.925	20
778.941	19
778.957	20
778.972	12
778.988	20
779.004	11
779.019	17
779.035	8
779.051	18
779.067	18
779.082	18
779.098	18
779.114	19
779.129	14
779.145	21
779.161	20
779.177	17
779.192	13
779.208	16
779.224	11
779.239	15
779.255	1
779.271	21
779.287	14
779.302	9
779.318	11
779.334	12
779.349	8
779.365	8
779.381	6
779.396	12
779.412	8
779.428	19
779.444	11
779.459	15
779.475	14
779.491	11
779.506	9
779.522	9
779.538	15
779.553	13
779.569	12
779.585	14
779.600	19
779.616	12
779.632	14
779.647	12
779.663	17
779.679	30
779.695	22
779.710	5
779.726	7
779.742	16
779.757	18
779.773	17
779.789	16
779.804	20
779.820	16
779.836	26
779.851	10
779.867	13
779.883	12
779.898	11
779.914	10
779.930	17
779.945	12
779.961	10
779.977	8
779.992	10
780.008	16
780.023	-1
780.039	18
780.055	12
780.070	7
780.086	6
780.102	14
780.117	11
780.133	5
780.149	16
780.164	16
780.180	7
780.196	10
780.211	13
780.227	9
780.243	15
780.258	9
780.274	20
780.289	15
780.305	14
780.321	13
780.336	2
780.352	7
780.368	12
780.383	15
780.399	9
780.414	12
780.430	16
780.446	14
780.461	17
780.477	8
780.493	10
780.508	13
780.524	12
780.539	12
780.555	9
780.571	15
780.586	20
780.602	15
780.618	27
780.633	8
780.649	19
780.664	17
780.680	10
780.696	14
780.711	7
780.727	18
780.742	11
780.758	21
780.774	17
780.789	8
780.805	9
780.820	13
780.836	14
780.852	19
780.867	15
780.883	20
780.898	21
780.914	12
780.930	16
780.945	12
780.961	8
780.976	19
780.992	17
781.008	15
781.023	18
781.039	19
781.054	11
781.070	18
781.085	17
781.101	3
781.117	18
781.132	16
781.148	11
781.163	23
781.179	19
781.194	20
781.210	10
781.226	16
781.241	16
781.257	6
781.272	12
781.288	14
781.303	15
781.319	17
781.335	15
781.350	18
781.366	22
781.381	19
781.397	20
781.412	12
781.428	15
781.443	20
781.459	11
781.475	22
781.490	15
781.506	13
781.521	15
781.537	16
781.552	20
781.568	16
781.583	25
781.599	14
781.614	13
781.630	15
781.646	18
781.661	18
781.677	11
781.692	8
781.708	9
781.723	24
781.739	18
781.754	14
781.770	11
781.785	11
781.801	21
781.816	17
781.832	21
781.848	14
781.863	19
781.879	18
781.894	12
781.910	19
781.925	20
781.941	21
781.956	18
781.972	16
781.987	13
782.003	19
782.018	12
782.034	16
782.049	15
782.065	15
782.080	18
782.096	26
782.111	29
782.127	24
782.142	28
782.158	30
782.173	26
782.189	23
782.204	21
782.220	15
782.235	15
782.251	30
782.266	18
782.282	23
782.297	20
782.313	16
782.328	16
782.344	16
782.359	12
782.375	19
782.390	12
782.406	18
782.421	22
782.437	19
782.452	16
782.468	18
782.483	21
782.499	18
782.514	19
782.530	8
782.545	13
782.561	15
782.576	19
782.592	14
782.607	16
782.622	17
782.638	10
782.653	23
782.669	13
782.684	31
782.700	29
782.715	21
782.731	29
782.746	14
782.762	24
782.777	19
782.793	36
782.808	27
782.824	30
782.839	11
782.854	17
782.870	20
782.885	24
782.901	19
782.916	20
782.932	16
782.947	15
782.963	18
782.978	20
782.993	22
783.009	15
783.024	36
783.040	45
783.055	48
783.071	55
783.086	46
783.102	65
783.117	65
783.132	71
783.148	66
783.163	73
783.179	78
783.194	74
783.210	59
783.225	46
783.240	42
783.256	39
783.271	27
783.287	31
783.302	29
783.318	27
783.333	29
783.348	19
783.364	35
783.379	26
783.395	35
783.410	31
783.426	37
783.441	16
783.456	20
783.472	14
783.487	20
783.503	29
783.518	23
783.533	18
783.549	36
783.564	55
783.580	65
783.595	63
783.610	53
783.626	46
783.641	26
783.657	28
783.672	18
783.687	20
783.703	30
783.718	44
783.734	56
783.749	55
783.764	55
783.780	45
783.795	50
783.811	30
783.826	37
783.841	45
783.857	60
783.872	76
783.888	82
783.903	85
783.918	69
783.934	45
783.949	27
783.964	28
783.980	54
783.995	71
784.011	72
784.026	68
784.041	44
784.057	26
784.072	37
784.087	15
784.103	44
784.118	59
784.134	56
784.149	39
784.164	23
784.180	17
784.195	27
784.210	46
784.226	64
784.241	55
784.256	33
784.272	34
784.287	26
784.302	40
784.318	49
784.333	57
784.349	54
784.364	24
784.379	20
784.395	26
784.410	37
784.425	40
784.441	17
784.456	19
784.471	37
784.487	50
784.502	50
784.517	42
784.533	28
784.548	34
784.563	54
784.579	47
784.594	43
784.609	48
784.625	34
784.640	30
784.655	31
784.671	60
784.686	57
784.701	49
784.717	35
784.732	41
784.747	57
784.763	56
784.778	45
784.793	38
784.809	44
784.824	51
784.839	62
784.854	35
784.870	36
784.885	52
784.900	72
784.916	51
784.931	30
784.946	23
784.962	57
784.977	49
784.992	25
785.008	18
785.023	42
785.038	51
785.053	24
785.069	15
785.084	55
785.099	52
785.115	36
785.130	13
785.145	47
785.161	69
785.176	29
785.191	18
785.206	42
785.222	55
785.237	37
785.252	16
785.268	36
785.283	34
785.298	25
785.313	27
785.329	44
785.344	30
785.359	25
785.375	24
785.390	44
785.405	23
785.420	43
785.436	41
785.451	37
785.466	35
785.481	35
785.497	39
785.512	29
785.527	24
785.543	33
785.558	27
785.573	29
785.588	41
785.604	38
785.619	30
785.634	23
785.649	66
785.665	32
785.680	25
785.695	22
785.710	23
785.726	63
785.741	54
785.756	76
785.771	32
785.787	32
785.802	34
785.817	38
785.832	26
785.848	24
785.863	69
785.878	51
785.893	68
785.909	36
785.924	55
785.939	31
785.954	35
785.970	50
785.985	47
786.000	55
786.015	41
786.030	32
786.046	29
786.061	35
786.076	47
786.091	35
786.107	41
786.122	36
786.137	24
786.152	46
786.168	26
786.183	33
786.198	16
786.213	42
786.228	27
786.244	31
786.259	42
786.274	48
786.289	43
786.304	24
786.320	18
786.335	25
786.350	34
786.365	31
786.381	16
786.396	40
786.411	33
786.426	31
786.441	58
786.457	28
786.472	35
786.487	49
786.502	22
786.517	30
786.533	33
786.548	34
786.563	11
786.578	29
786.593	23
786.608	43
786.624	52
786.639	49
786.654	34
786.669	51
786.684	37
786.700	28
786.715	62
786.730	39
786.745	40
786.760	53
786.775	17
786.791	47
786.806	41
786.821	26
786.836	22
786.851	30
786.867	24
786.882	48
786.897	32
786.912	26
786.927	31
786.942	29
786.958	30
786.973	31
786.988	18
787.003	38
787.018	36
787.033	20
787.049	28
787.064	19
787.079	37
787.094	27
787.109	19
787.124	16
787.139	23
787.155	32
787.170	32
787.185	25
787.200	29
787.215	22
787.230	10
787.245	14
787.261	16
787.276	26
787.291	31
787.306	28
787.321	34
787.336	29
787.351	24
787.367	35
787.382	17
787.397	11
787.412	20
787.427	13
787.442	29
787.457	26
787.472	21
787.488	14
787.503	15
787.518	14
787.533	17
787.548	11
787.563	15
787.578	30
787.593	46
787.609	45
787.624	39
787.639	18
787.654	25
787.669	20
787.684	25
787.699	44
787.714	55
787.730	74
787.745	93
787.760	104
787.775	96
787.790	110
787.805	82
787.820	62
787.835	55
787.850	61
787.865	46
