771.850	3
771.866	7
771.883	-1
771.899	4
771.915	4
771.931	4
771.947	6
771.964	5
771.980	6
771.996	1
772.012	7
772.028	3
772.045	5
772.061	3
772.077	6
772.093	-3
772.109	6
772.126	4
772.142	0
772.158	9
772.174	-4
772.190	9
772.206	4
772.223	4
772.239	4
772.255	-2
772.271	8
772.287	5
772.304	5
772.320	-3
772.336	2
772.352	8
772.368	1
772.384	1
772.401	3
772.417	4
772.433	4
772.449	13
772.465	6
772.482	1
772.498	-3
772.514	6
772.530	7
772.546	7
772.562	8
772.579	15
772.595	2
772.611	8
772.627	8
772.643	-3
772.659	-1
772.675	4
772.692	-8
772.708	4
772.724	4
772.740	1
772.756	0
772.772	2
772.789	0
772.805	5
772.821	6
772.837	1
772.853	0
772.869	6
772.885	0
772.902	-3
772.918	2
772.934	2
772.950	2
772.966	-1
772.982	4
772.998	6
773.015	-2
773.031	7
773.047	9
773.063	8
773.079	-1
773.095	11
773.111	4
773.127	13
773.144	5
773.160	9
773.176	-2
773.192	-1
773.208	3
773.224	7
773.240	-2
773.256	4
773.272	4
773.289	7
773.305	1
773.321	7
773.337	10
773.353	2
773.369	5
773.385	5
773.401	6
773.417	8
773.434	4
773.450	2
773.466	9
773.482	4
773.498	-1
773.514	-1
773.530	-6
773.546	4
773.562	3
773.579	7
773.595	2
773.611	1
773.627	3
773.643	0
773.659	4
773.675	2
773.691	1
773.707	-1
773.723	-1
773.739	4
773.755	13
773.772	1
773.788	3
773.804	0
773.820	-1
773.836	3
773.852	12
773.868	3
773.884	2
773.900	8
773.916	5
773.932	0
773.948	7
773.964	3
773.981	3
773.997	9
774.013	6
774.029	-1
774.045	0
774.061	5
774.077	2
774.093	15
774.109	4
774.125	1
774.141	7
774.157	-3
774.173	3
774.189	6
774.205	4
774.221	0
774.237	5
774.254	-6
774.270	4
774.286	7
774.302	7
774.318	6
774.334	2
774.350	10
774.366	5
774.382	5
774.398	1
774.414	-4
774.430	7
774.446	1
774.462	5
774.478	6
774.494	-1
774.510	11
774.526	2
774.542	4
774.558	7
774.574	0
774.590	-7
774.606	-2
774.622	7
774.638	5
774.654	0
774.670	6
774.686	1
774.702	3
774.719	9
774.735	3
774.751	0
774.767	-2
774.783	2
774.799	-2
774.815	4
774.831	5
774.847	11
774.863	3
774.879	0
774.895	3
774.911	3
774.927	2
774.943	9
774.959	10
774.975	10
774.991	8
775.007	7
775.023	2
775.039	0
775.055	2
775.071	0
775.087	1
775.103	7
775.119	10
775.135	4
775.151	3
775.167	-1
775.183	12
775.199	10
775.215	8
775.231	2
775.247	5
775.262	3
775.278	0
775.294	4
775.310	-1
775.326	-4
775.342	6
775.358	5
775.374	2
775.390	2
775.406	0
775.422	3
775.438	7
775.454	0
775.470	-2
775.486	-2
775.502	7
775.518	-1
775.534	4
775.550	6
775.566	2
775.582	2
775.598	6
775.614	-3
775.630	-1
775.646	4
775.662	11
775.678	0
775.694	9
775.710	4
775.725	4
775.741	4
775.757	-1
775.773	5
775.789	6
775.805	5
775.821	1
775.837	1
775.853	-4
775.869	2
775.885	7
775.901	1
775.917	5
775.933	5
775.949	7
775.965	3
775.981	2
775.996	6
776.012	2
776.028	1
776.044	2
776.060	8
776.076	0
776.092	0
776.108	-1
776.124	-2
776.140	6
776.156	9
776.172	-2
776.188	6
776.203	6
776.219	-1
776.235	5
776.251	3
776.267	2
776.283	2
776.299	-1
776.315	9
776.331	0
776.347	-4
776.363	0
776.378	3
776.394	6
776.410	2
776.426	3
776.442	4
776.458	2
776.474	17
776.490	-1
776.506	4
776.522	10
776.537	2
776.553	8
776.569	4
776.585	-5
776.601	4
776.617	4
776.633	0
776.649	6
776.665	6
776.680	-4
776.696	1
776.712	8
776.728	9
776.744	-3
776.760	4
776.776	3
776.792	5
776.808	0
776.823	1
776.839	1
776.855	6
776.871	3
776.887	-5
776.903	8
776.919	2
776.934	5
776.950	4
776.966	7
776.982	-3
776.998	0
777.014	4
777.030	11
777.046	-2
777.061	-5
777.077	9
777.093	-1
777.109	7
777.125	1
777.141	7
777.157	1
777.172	1
777.188	7
777.204	3
777.220	7
777.236	-5
777.252	2
777.267	6
777.283	-5
777.299	-7
777.315	0
777.331	6
777.347	10
777.362	-2
777.378	6
777.394	-5
777.410	0
777.426	5
777.442	7
777.457	-2
777.473	-2
777.489	7
777.505	4
777.521	4
777.537	-10
777.552	3
777.568	5
777.584	4
777.600	-1
777.616	-1
777.632	-4
777.647	4
777.663	-3
777.679	0
777.695	-3
777.711	2
777.726	-1
777.742	3
777.758	4
777.774	2
777.790	4
777.806	5
777.821	0
777.837	6
777.853	0
777.869	9
777.885	9
777.900	2
777.916	-2
777.932	1
777.948	4
777.964	4
777.979	11
777.995	11
778.011	3
778.027	-1
778.042	8
778.058	-1
778.074	8
778.090	4
778.106	0
778.121	0
778.137	5
778.153	6
778.169	7
778.185	0
778.200	1
778.216	-1
778.232	6
778.248	8
778.263	-6
778.279	2
778.295	-1
778.311	5
778.327	8
778.342	0
778.358	6
778.374	6
778.390	-1
778.405	1
778.421	9
778.437	5
778.453	5
778.468	0
778.484	-1
778.500	1
778.516	1
778.531	-3
778.547	11
778.563	4
778.579	1
778.594	6
778.610	4
778.626	7
778.642	-2
778.658	1
778.673	1
778.689	5
778.705	8
778.720	0
778.736	7
778.752	3
778.768	0
778.783	2
778.799	0
778.815	-1
778.831	1
778.846	2
778.862	5
778.878	-2
778.894	1
778.909	8
778.925	1
778.941	9
778.957	7
778.972	9
778.988	5
779.004	7
779.019	3
779.035	0
779.051	15
779.067	8
779.082	6
779.098	4
779.114	-2
779.129	0
779.145	7
779.161	9
779.177	4
779.192	6
779.208	10
779.224	1
779.239	6
779.255	2
779.271	6
779.287	4
779.302	5
779.318	10
779.334	-1
779.349	0
779.365	7
779.381	-2
779.396	3
779.412	3
779.428	0
779.444	-4
779.459	7
779.475	0
779.491	2
779.506	2
779.522	6
779.538	4
779.553	4
779.569	1
779.585	7
779.600	7
779.616	-4
779.632	-3
779.647	-4
779.663	0
779.679	2
779.695	6
779.710	3
779.726	-9
779.742	8
779.757	1
779.773	9
779.789	7
779.804	9
779.820	10
779.836	16
779.851	-4
779.867	-3
779.883	2
779.898	2
779.914	0
779.930	9
779.945	0
779.961	4
779.977	-1
779.992	9
780.008	8
780.023	-4
780.039	1
780.055	-2
780.070	-4
780.086	-8
780.102	4
780.117	3
780.133	3
780.149	1
780.164	6
780.180	0
780.196	5
780.211	-4
780.227	1
780.243	4
780.258	8
780.274	1
780.289	9
780.305	1
780.321	8
780.336	-6
780.352	5
780.368	-6
780.383	-6
780.399	1
780.414	3
780.430	4
780.446	2
780.461	3
780.477	-2
780.493	1
780.508	-2
780.524	2
780.539	1
780.555	-2
780.571	6
780.586	2
780.602	11
780.618	15
780.633	1
780.649	7
780.664	3
780.680	-1
780.696	0
780.711	2
780.727	6
780.742	5
780.758	10
780.774	0
780.789	9
780.805	8
780.820	1
780.836	1
780.852	4
780.867	7
780.883	12
780.898	8
780.914	0
780.930	3
780.945	10
780.961	10
780.976	8
780.992	-1
781.008	1
781.023	1
781.039	-1
781.054	-3
781.070	9
781.085	1
781.101	0
781.117	14
781.132	7
781.148	0
781.163	8
781.179	6
781.194	9
781.210	2
781.226	0
781.241	-1
781.257	4
781.272	1
781.288	-2
781.303	4
781.319	3
781.335	-3
781.350	3
781.366	9
781.381	2
781.397	11
781.412	5
781.428	1
781.443	1
781.459	0
781.475	-3
781.490	-2
781.506	8
781.521	3
781.537	0
781.552	4
781.568	1
781.583	5
781.599	3
781.614	1
781.630	2
781.646	4
781.661	6
781.677	0
781.692	0
781.708	-1
781.723	8
781.739	2
781.754	1
781.770	6
781.785	-1
781.801	10
781.816	8
781.832	15
781.848	1
781.863	3
781.879	12
781.894	5
781.910	5
781.925	4
781.941	6
781.956	1
781.972	5
781.987	0
782.003	5
782.018	-3
782.034	4
782.049	-1
782.065	2
782.080	4
782.096	1
782.111	3
782.127	0
782.142	-2
782.158	-1
782.173	0
782.189	7
782.204	3
782.220	-2
782.235	6
782.251	13
782.266	4
782.282	6
782.297	6
782.313	6
782.328	4
782.344	8
782.359	-2
782.375	-2
782.390	8
782.406	4
782.421	0
782.437	7
782.452	3
782.468	6
782.483	-4
782.499	5
782.514	2
782.530	4
782.545	7
782.561	-2
782.576	7
782.592	3
782.607	4
782.622	3
782.638	-2
782.653	8
782.669	2
782.684	11
782.700	2
782.715	0
782.731	12
782.746	6
782.762	-2
782.777	6
782.793	10
782.808	-1
782.824	6
782.839	6
782.854	4
782.870	6
782.885	11
782.901	2
782.916	5
782.932	-1
782.947	-3
782.963	-2
782.978	9
782.993	1
783.009	2
783.024	9
783.040	11
783.055	6
783.071	3
783.086	6
783.102	10
783.117	8
783.132	11
783.148	-1
783.163	6
783.179	4
783.194	7
783.210	11
783.225	3
783.240	7
783.256	8
783.271	4
783.287	15
783.302	5
783.318	16
783.333	8
783.348	1
783.364	14
783.379	11
783.395	9
783.410	-1
783.426	10
783.441	5
783.456	1
783.472	3
783.487	8
783.503	12
783.518	11
783.533	1
783.549	10
783.564	10
783.580	6
783.595	14
783.610	4
783.626	11
783.641	4
783.657	5
783.672	7
783.687	7
783.703	6
783.718	17
783.734	12
783.749	10
783.764	13
783.780	6
783.795	12
783.811	9
783.826	17
783.841	8
783.857	6
783.872	13
783.888	9
783.903	9
783.918	11
783.934	3
783.949	9
783.964	13
783.980	13
783.995	6
784.011	12
784.026	8
784.041	11
784.057	10
784.072	5
784.087	-1
784.103	13
784.118	16
784.134	6
784.149	-2
784.164	14
784.180	4
784.195	5
784.210	11
784.226	6
784.241	6
784.256	6
784.272	15
784.287	13
784.302	7
784.318	9
784.333	7
784.349	4
784.364	10
784.379	10
784.395	4
784.410	0
784.425	9
784.441	13
784.456	-3
784.471	13
784.487	15
784.502	13
784.517	15
784.533	5
784.548	9
784.563	7
784.579	12
784.594	11
784.609	8
784.625	-1
784.640	4
784.655	9
784.671	19
784.686	16
784.701	14
784.717	6
784.732	11
784.747	7
784.763	7
784.778	7
784.793	11
784.809	3
784.824	1
784.839	9
784.854	12
784.870	5
784.885	12
784.900	9
784.916	6
784.931	12
784.946	1
784.962	8
784.977	11
784.992	4
785.008	4
785.023	9
785.038	5
785.053	11
785.069	7
785.084	11
785.099	10
785.115	11
785.130	10
785.145	13
785.161	10
785.176	9
785.191	5
785.206	12
785.222	5
785.237	14
785.252	4
785.268	12
785.283	1
785.298	15
785.313	9
785.329	4
785.344	10
785.359	5
785.375	8
785.390	12
785.405	2
785.420	12
785.436	2
785.451	6
785.466	2
785.481	8
785.497	14
785.512	7
785.527	-2
785.543	1
785.558	3
785.573	6
785.588	7
785.604	9
785.619	7
785.634	8
785.649	7
785.665	1
785.680	4
785.695	2
785.710	3
785.726	13
785.741	6
785.756	9
785.771	13
785.787	6
785.802	7
785.817	19
785.832	4
785.848	6
785.863	6
785.878	1
785.893	9
785.909	4
785.924	15
785.939	16
785.954	6
785.970	11
785.985	9
786.000	12
786.015	4
786.030	14
786.046	14
786.061	12
786.076	11
786.091	11
786.107	11
786.122	2
786.137	10
786.152	11
786.168	8
786.183	12
786.198	11
786.213	7
786.228	4
786.244	8
786.259	8
786.274	11
786.289	8
786.304	1
786.320	6
786.335	13
786.350	20
786.365	8
786.381	9
786.396	1
786.411	-1
786.426	9
786.441	2
786.457	0
786.472	6
786.487	1
786.502	19
786.517	4
786.533	2
786.548	13
786.563	9
786.578	9
786.593	2
786.608	7
786.624	10
786.639	9
786.654	14
786.669	7
786.684	11
786.700	11
786.715	2
786.730	12
786.745	8
786.760	9
786.775	8
786.791	5
786.806	2
786.821	10
786.836	-2
786.851	4
786.867	3
786.882	4
786.897	5
786.912	7
786.927	4
786.942	9
786.958	14
786.973	8
786.988	4
787.003	2
787.018	3
787.033	-1
787.049	0
787.064	1
787.079	5
787.094	15
787.109	8
787.124	7
787.139	7
787.155	8
787.170	3
787.185	12
787.200	11
787.215	4
787.230	1
787.245	11
787.261	7
787.276	12
787.291	-2
787.306	15
787.321	3
787.336	1
787.351	8
787.367	14
787.382	2
787.397	3
787.412	6
787.427	-6
787.442	7
787.457	7
787.472	1
787.488	9
787.503	1
787.518	0
787.533	6
787.548	7
787.563	11
787.578	4
787.593	2
787.609	9
787.624	9
787.639	2
787.654	14
787.669	6
787.684	-1
787.699	7
787.714	9
787.730	-4
787.745	5
787.760	9
787.775	-2
787.790	7
787.805	4
787.820	5
787.835	-4
787.850	19
787.865	19
