771.850	14
771.866	15
771.883	18
771.899	16
771.915	18
771.931	22
771.947	23
771.964	20
771.980	20
771.996	16
772.012	19
772.028	14
772.045	14
772.061	15
772.077	11
772.093	26
772.109	20
772.126	19
772.142	11
772.158	13
772.174	4
772.190	12
772.206	23
772.223	17
772.239	8
772.255	10
772.271	18
772.287	17
772.304	16
772.320	12
772.336	12
772.352	16
772.368	16
772.384	18
772.401	12
772.417	11
772.433	12
772.449	17
772.465	12
772.482	14
772.498	8
772.514	13
772.530	13
772.546	24
772.562	22
772.579	17
772.595	11
772.611	18
772.627	19
772.643	14
772.659	10
772.675	20
772.692	12
772.708	9
772.724	13
772.740	18
772.756	14
772.772	18
772.789	10
772.805	14
772.821	17
772.837	14
772.853	20
772.869	16
772.885	11
772.902	5
772.918	13
772.934	14
772.950	11
772.966	16
772.982	16
772.998	16
773.015	11
773.031	10
773.047	19
773.063	25
773.079	15
773.095	22
773.111	13
773.127	21
773.144	17
773.160	15
773.176	16
773.192	19
773.208	8
773.224	18
773.240	16
773.256	12
773.272	15
773.289	20
773.305	13
773.321	18
773.337	15
773.353	11
773.369	10
773.385	15
773.401	21
773.417	19
773.434	18
773.450	13
773.466	20
773.482	25
773.498	13
773.514	17
773.530	17
773.546	11
773.562	19
773.579	22
773.595	13
773.611	10
773.627	23
773.643	15
773.659	16
773.675	21
773.691	20
773.707	20
773.723	12
773.739	27
773.755	25
773.772	19
773.788	19
773.804	18
773.820	16
773.836	14
773.852	25
773.868	13
773.884	16
773.900	22
773.916	21
773.932	15
773.948	22
773.964	19
773.981	14
773.997	21
774.013	24
774.029	7
774.045	23
774.061	20
774.077	23
774.093	21
774.109	15
774.125	17
774.141	16
774.157	6
774.173	18
774.189	15
774.205	12
774.221	15
774.237	15
774.254	8
774.270	9
774.286	22
774.302	17
774.318	18
774.334	20
774.350	14
774.366	20
774.382	9
774.398	14
774.414	8
774.430	13
774.446	20
774.462	13
774.478	22
774.494	17
774.510	15
774.526	19
774.542	12
774.558	19
774.574	21
774.590	13
774.606	17
774.622	14
774.638	20
774.654	7
774.670	13
774.686	6
774.702	5
774.719	17
774.735	13
774.751	13
774.767	14
774.783	21
774.799	11
774.815	11
774.831	13
774.847	26
774.863	13
774.879	9
774.895	14
774.911	14
774.927	14
774.943	23
774.959	16
774.975	9
774.991	15
775.007	17
775.023	11
775.039	13
775.055	12
775.071	9
775.087	16
775.103	18
775.119	11
775.135	10
775.151	19
775.167	17
775.183	20
775.199	16
775.215	12
775.231	5
775.247	15
775.262	20
775.278	17
775.294	22
775.310	16
775.326	14
775.342	9
775.358	13
775.374	18
775.390	8
775.406	15
775.422	16
775.438	16
775.454	19
775.470	13
775.486	14
775.502	21
775.518	11
775.534	17
775.550	16
775.566	15
775.582	21
775.598	16
775.614	9
775.630	17
775.646	18
775.662	21
775.678	16
775.694	13
775.710	10
775.725	20
775.741	16
775.757	14
775.773	14
775.789	15
775.805	26
775.821	19
775.837	12
775.853	7
775.869	8
775.885	14
775.901	22
775.917	14
775.933	21
775.949	13
775.965	23
775.981	18
775.996	14
776.012	21
776.028	19
776.044	19
776.060	15
776.076	22
776.092	15
776.108	6
776.124	19
776.140	20
776.156	22
776.172	13
776.188	7
776.203	20
776.219	12
776.235	18
776.251	18
776.267	15
776.283	17
776.299	15
776.315	16
776.331	15
776.347	11
776.363	17
776.378	15
776.394	19
776.410	10
776.426	15
776.442	18
776.458	14
776.474	15
776.490	16
776.506	21
776.522	18
776.537	14
776.553	23
776.569	18
776.585	16
776.601	16
776.617	12
776.633	11
776.649	12
776.665	19
776.680	12
776.696	9
776.712	16
776.728	24
776.744	14
776.760	24
776.776	12
776.792	14
776.808	20
776.823	15
776.839	13
776.855	11
776.871	10
776.887	7
776.903	13
776.919	16
776.934	16
776.950	15
776.966	17
776.982	16
776.998	9
777.014	24
777.030	19
777.046	12
777.061	18
777.077	23
777.093	10
777.109	25
777.125	16
777.141	23
777.157	12
777.172	16
777.188	24
777.204	11
777.220	22
777.236	18
777.252	19
777.267	23
777.283	20
777.299	12
777.315	21
777.331	20
777.347	23
777.362	18
777.378	22
777.394	13
777.410	30
777.426	15
777.442	18
777.457	16
777.473	7
777.489	23
777.505	22
777.521	14
777.537	11
777.552	18
777.568	13
777.584	15
777.600	17
777.616	5
777.632	19
777.647	10
777.663	18
777.679	18
777.695	14
777.711	16
777.726	18
777.742	11
777.758	21
777.774	21
777.790	22
777.806	22
777.821	21
777.837	14
777.853	17
777.869	25
777.885	21
777.900	12
777.916	21
777.932	17
777.948	15
777.964	15
777.979	23
777.995	19
778.011	18
778.027	17
778.042	19
778.058	15
778.074	16
778.090	16
778.106	12
778.121	15
778.137	22
778.153	11
778.169	17
778.185	19
778.200	17
778.216	13
778.232	23
778.248	18
778.263	15
778.279	16
778.295	12
778.311	20
778.327	19
778.342	8
778.358	17
778.374	19
778.390	17
778.405	12
778.421	21
778.437	14
778.453	18
778.468	18
778.484	10
778.500	7
778.516	12
778.531	5
778.547	26
778.563	21
778.579	11
778.594	25
778.610	16
778.626	18
778.642	11
778.658	16
778.673	11
778.689	16
778.705	14
778.720	8
778.736	15
778.752	19
778.768	17
778.783	13
778.799	10
778.815	18
778.831	16
778.846	18
778.862	13
778.878	15
778.894	20
778.909	15
778.925	17
778.941	18
778.957	15
778.972	12
778.988	19
779.004	13
779.019	8
779.035	8
779.051	26
779.067	23
779.082	17
779.098	11
779.114	12
779.129	17
779.145	23
779.161	19
779.177	13
779.192	23
779.208	19
779.224	15
779.239	16
779.255	5
779.271	16
779.287	17
779.302	20
779.318	17
779.334	17
779.349	6
779.365	19
779.381	12
779.396	15
779.412	22
779.428	14
779.444	15
779.459	23
779.475	12
779.491	15
779.506	16
779.522	20
779.538	15
779.553	23
779.569	19
779.585	18
779.600	16
779.616	10
779.632	16
779.647	13
779.663	21
779.679	20
779.695	19
779.710	11
779.726	10
779.742	17
779.757	15
779.773	20
779.789	13
779.804	14
779.820	21
779.836	21
779.851	16
779.867	7
779.883	16
779.898	14
779.914	12
779.930	17
779.945	10
779.961	13
779.977	8
779.992	16
780.008	14
780.023	6
780.039	15
780.055	12
780.070	5
780.086	4
780.102	16
780.117	12
780.133	11
780.149	15
780.164	23
780.180	13
780.196	13
780.211	7
780.227	12
780.243	15
780.258	19
780.274	11
780.289	11
780.305	13
780.321	17
780.336	4
780.352	11
780.368	13
780.383	15
780.399	13
780.414	12
780.430	13
780.446	12
780.461	12
780.477	12
780.493	10
780.508	16
780.524	9
780.539	12
780.555	5
780.571	17
780.586	11
780.602	12
780.618	22
780.633	12
780.649	16
780.664	14
780.680	13
780.696	10
780.711	16
780.727	23
780.742	20
780.758	21
780.774	23
780.789	17
780.805	7
780.820	15
780.836	12
780.852	17
780.867	19
780.883	21
780.898	14
780.914	6
780.930	16
780.945	11
780.961	12
780.976	20
780.992	14
781.008	19
781.023	10
781.039	13
781.054	15
781.070	12
781.085	18
781.101	12
781.117	18
781.132	15
781.148	12
781.163	16
781.179	19
781.194	14
781.210	17
781.226	15
781.241	15
781.257	15
781.272	18
781.288	18
781.303	18
781.319	12
781.335	14
781.350	19
781.366	24
781.381	21
781.397	26
781.412	18
781.428	9
781.443	22
781.459	12
781.475	14
781.490	11
781.506	19
781.521	20
781.537	17
781.552	20
781.568	7
781.583	20
781.599	22
781.614	16
781.630	21
781.646	22
781.661	18
781.677	16
781.692	14
781.708	14
781.723	13
781.739	16
781.754	18
781.770	19
781.785	13
781.801	25
781.816	17
781.832	20
781.848	15
781.863	25
781.879	25
781.894	11
781.910	17
781.925	17
781.941	25
781.956	16
781.972	11
781.987	11
782.003	21
782.018	15
782.034	18
782.049	26
782.065	24
782.080	18
782.096	19
782.111	23
782.127	17
782.142	19
782.158	17
782.173	21
782.189	15
782.204	16
782.220	17
782.235	24
782.251	28
782.266	26
782.282	14
782.297	19
782.313	20
782.328	16
782.344	23
782.359	18
782.375	8
782.390	23
782.406	19
782.421	19
782.437	23
782.452	19
782.468	27
782.483	21
782.499	19
782.514	13
782.530	14
782.545	17
782.561	16
782.576	21
782.592	16
782.607	18
782.622	20
782.638	24
782.653	24
782.669	20
782.684	21
782.700	17
782.715	24
782.731	32
782.746	20
782.762	15
782.777	27
782.793	25
782.808	22
782.824	28
782.839	21
782.854	20
782.870	19
782.885	22
782.901	26
782.916	26
782.932	14
782.947	17
782.963	24
782.978	29
782.993	29
783.009	28
783.024	32
783.040	48
783.055	47
783.071	47
783.086	45
783.102	51
783.117	48
783.132	53
783.148	44
783.163	49
783.179	40
783.194	51
783.210	44
783.225	30
783.240	32
783.256	35
783.271	33
783.287	32
783.302	34
783.318	41
783.333	45
783.348	24
783.364	46
783.379	42
783.395	38
783.410	32
783.426	35
783.441	34
783.456	29
783.472	31
783.487	41
783.503	40
783.518	42
783.533	34
783.549	43
783.564	51
783.580	41
783.595	38
783.610	40
783.626	38
783.641	34
783.657	37
783.672	38
783.687	40
783.703	48
783.718	43
783.734	55
783.749	51
783.764	54
783.780	47
783.795	52
783.811	45
783.826	54
783.841	55
783.857	56
783.872	55
783.888	50
783.903	54
783.918	47
783.934	51
783.949	51
783.964	49
783.980	53
783.995	54
784.011	48
784.026	46
784.041	38
784.057	41
784.072	52
784.087	43
784.103	46
784.118	50
784.134	41
784.149	39
784.164	49
784.180	45
784.195	44
784.210	48
784.226	46
784.241	38
784.256	37
784.272	61
784.287	49
784.302	46
784.318	37
784.333	35
784.349	45
784.364	46
784.379	41
784.395	37
784.410	32
784.425	44
784.441	39
784.456	36
784.471	40
784.487	47
784.502	55
784.517	43
784.533	39
784.548	47
784.563	57
784.579	47
784.594	44
784.609	42
784.625	33
784.640	39
784.655	41
784.671	50
784.686	51
784.701	51
784.717	44
784.732	42
784.747	49
784.763	51
784.778	53
784.793	54
784.809	47
784.824	36
784.839	49
784.854	50
784.870	51
784.885	52
784.900	44
784.916	43
784.931	60
784.946	42
784.962	43
784.977	44
784.992	34
785.008	38
785.023	43
785.038	39
785.053	48
785.069	38
785.084	43
785.099	47
785.115	41
785.130	45
785.145	50
785.161	53
785.176	49
785.191	36
785.206	40
785.222	37
785.237	46
785.252	32
785.268	44
785.283	40
785.298	44
785.313	40
785.329	33
785.344	31
785.359	46
785.375	34
785.390	40
785.405	33
785.420	43
785.436	34
785.451	36
785.466	39
785.481	44
785.497	44
785.512	40
785.527	37
785.543	38
785.558	30
785.573	33
785.588	30
785.604	40
785.619	35
785.634	37
785.649	41
785.665	41
785.680	44
785.695	42
785.710	48
785.726	42
785.741	39
785.756	36
785.771	42
785.787	37
785.802	38
785.817	48
785.832	46
785.848	37
785.863	46
785.878	42
785.893	43
785.909	37
785.924	54
785.939	49
785.954	46
785.970	46
785.985	43
786.000	39
786.015	43
786.030	50
786.046	52
786.061	39
786.076	36
786.091	43
786.107	39
786.122	38
786.137	33
786.152	43
786.168	46
786.183	39
786.198	30
786.213	32
786.228	36
786.244	46
786.259	34
786.274	39
786.289	36
786.304	36
786.320	30
786.335	32
786.350	44
786.365	40
786.381	43
786.396	29
786.411	42
786.426	40
786.441	37
786.457	23
786.472	41
786.487	25
786.502	30
786.517	32
786.533	27
786.548	31
786.563	37
786.578	32
786.593	38
786.608	37
786.624	45
786.639	43
786.654	42
786.669	49
786.684	38
786.700	45
786.715	39
786.730	36
786.745	37
786.760	35
786.775	38
786.791	37
786.806	36
786.821	38
786.836	31
786.851	31
786.867	31
786.882	27
786.897	41
786.912	26
786.927	31
786.942	36
786.958	49
786.973	34
786.988	41
787.003	39
787.018	25
787.033	31
787.049	31
787.064	30
787.079	22
787.094	41
787.109	31
787.124	32
787.139	21
787.155	43
787.170	28
787.185	32
787.200	30
787.215	23
787.230	27
787.245	22
787.261	33
787.276	36
787.291	33
787.306	32
787.321	25
787.336	23
787.351	30
787.367	28
787.382	38
787.397	21
787.412	32
787.427	26
787.442	28
787.457	19
787.472	21
787.488	32
787.503	24
787.518	27
787.533	32
787.548	26
787.563	39
787.578	22
787.593	30
787.609	25
787.624	40
787.639	31
787.654	35
787.669	51
787.684	44
787.699	60
787.714	67
787.730	70
787.745	69
787.760	63
787.775	52
787.790	59
787.805	58
787.820	55
787.835	63
787.850	73
787.865	86
