771.850	3
771.866	4
771.883	-2
771.899	-2
771.915	3
771.931	4
771.947	4
771.964	9
771.980	5
771.996	2
772.012	2
772.028	6
772.045	4
772.061	6
772.077	-1
772.093	2
772.109	3
772.126	2
772.142	4
772.158	6
772.174	-2
772.190	3
772.206	5
772.223	1
772.239	5
772.255	-2
772.271	9
772.287	5
772.304	8
772.320	0
772.336	7
772.352	3
772.368	8
772.384	5
772.401	6
772.417	5
772.433	5
772.449	10
772.465	6
772.482	4
772.498	0
772.514	1
772.530	11
772.546	13
772.562	9
772.579	9
772.595	2
772.611	0
772.627	0
772.643	1
772.659	7
772.675	10
772.692	-4
772.708	6
772.724	1
772.740	-1
772.756	-4
772.772	5
772.789	4
772.805	3
772.821	8
772.837	4
772.853	1
772.869	-1
772.885	-2
772.902	-11
772.918	-8
772.934	11
772.950	3
772.966	5
772.982	11
772.998	-6
773.015	-9
773.031	0
773.047	4
773.063	8
773.079	-1
773.095	6
773.111	1
773.127	10
773.144	5
773.160	5
773.176	-5
773.192	1
773.208	2
773.224	7
773.240	0
773.256	8
773.272	9
773.289	0
773.305	8
773.321	2
773.337	7
773.353	-6
773.369	-3
773.385	5
773.401	1
773.417	10
773.434	1
773.450	0
773.466	6
773.482	4
773.498	-1
773.514	0
773.530	-1
773.546	2
773.562	1
773.579	0
773.595	1
773.611	1
773.627	9
773.643	6
773.659	8
773.675	-2
773.691	9
773.707	2
773.723	-5
773.739	6
773.755	10
773.772	2
773.788	6
773.804	3
773.820	0
773.836	-5
773.852	5
773.868	0
773.884	6
773.900	3
773.916	2
773.932	-3
773.948	7
773.964	5
773.981	2
773.997	9
774.013	16
774.029	0
774.045	0
774.061	0
774.077	2
774.093	8
774.109	5
774.125	1
774.141	6
774.157	-6
774.173	2
774.189	6
774.205	3
774.221	-1
774.237	1
774.254	-4
774.270	4
774.286	7
774.302	4
774.318	9
774.334	4
774.350	4
774.366	4
774.382	4
774.398	-1
774.414	-5
774.430	8
774.446	6
774.462	0
774.478	9
774.494	6
774.510	12
774.526	-1
774.542	2
774.558	7
774.574	-3
774.590	0
774.606	6
774.622	2
774.638	2
774.654	-5
774.670	-1
774.686	-1
774.702	0
774.719	5
774.735	1
774.751	9
774.767	1
774.783	7
774.799	-1
774.815	3
774.831	13
774.847	10
774.863	0
774.879	-1
774.895	1
774.911	1
774.927	1
774.943	9
774.959	6
774.975	5
774.991	5
775.007	4
775.023	2
775.039	0
775.055	6
775.071	5
775.087	1
775.103	10
775.119	0
775.135	1
775.151	6
775.167	3
775.183	11
775.199	5
775.215	7
775.231	1
775.247	13
775.262	4
775.278	5
775.294	2
775.310	-6
775.326	1
775.342	9
775.358	-1
775.374	1
775.390	-2
775.406	1
775.422	1
775.438	3
775.454	5
775.470	-3
775.486	-5
775.502	5
775.518	1
775.534	6
775.550	7
775.566	3
775.582	8
775.598	2
775.614	-10
775.630	1
775.646	7
775.662	5
775.678	-1
775.694	2
775.710	5
775.725	1
775.741	4
775.757	-1
775.773	3
775.789	3
775.805	11
775.821	2
775.837	2
775.853	-1
775.869	-8
775.885	11
775.901	7
775.917	1
775.933	8
775.949	4
775.965	9
775.981	1
775.996	3
776.012	3
776.028	7
776.044	3
776.060	0
776.076	4
776.092	2
776.108	-5
776.124	-1
776.140	8
776.156	11
776.172	3
776.188	-2
776.203	6
776.219	-6
776.235	6
776.251	1
776.267	3
776.283	1
776.299	6
776.315	5
776.331	10
776.347	0
776.363	-1
776.378	3
776.394	7
776.410	4
776.426	-1
776.442	7
776.458	2
776.474	8
776.490	2
776.506	5
776.522	0
776.537	-2
776.553	4
776.569	6
776.585	-1
776.601	0
776.617	1
776.633	3
776.649	6
776.665	9
776.680	-3
776.696	1
776.712	4
776.728	11
776.744	0
776.760	9
776.776	3
776.792	5
776.808	1
776.823	5
776.839	-1
776.855	1
776.871	-1
776.887	2
776.903	4
776.919	-2
776.934	2
776.950	0
776.966	10
776.982	0
776.998	-2
777.014	0
777.030	8
777.046	-2
777.061	1
777.077	2
777.093	4
777.109	3
777.125	6
777.141	8
777.157	-3
777.172	2
777.188	5
777.204	3
777.220	8
777.236	-4
777.252	0
777.267	5
777.283	3
777.299	-8
777.315	10
777.331	3
777.347	6
777.362	1
777.378	11
777.394	-2
777.410	9
777.426	4
777.442	5
777.457	-2
777.473	3
777.489	4
777.505	14
777.521	3
777.537	0
777.552	5
777.568	10
777.584	2
777.600	6
777.616	-4
777.632	3
777.647	-1
777.663	-2
777.679	-9
777.695	-4
777.711	0
777.726	-1
777.742	1
777.758	1
777.774	10
777.790	4
777.806	8
777.821	0
777.837	-2
777.853	1
777.869	1
777.885	2
777.900	1
777.916	2
777.932	8
777.948	0
777.964	0
777.979	3
777.995	8
778.011	4
778.027	0
778.042	4
778.058	0
778.074	12
778.090	4
778.106	-3
778.121	6
778.137	6
778.153	0
778.169	2
778.185	-1
778.200	-2
778.216	2
778.232	4
778.248	3
778.263	4
778.279	5
778.295	0
778.311	6
778.327	5
778.342	-8
778.358	0
778.374	1
778.390	2
778.405	-3
778.421	9
778.437	3
778.453	6
778.468	8
778.484	-4
778.500	-1
778.516	4
778.531	-4
778.547	9
778.563	8
778.579	3
778.594	1
778.610	5
778.626	11
778.642	4
778.658	-4
778.673	4
778.689	-2
778.705	8
778.720	-2
778.736	7
778.752	0
778.768	4
778.783	3
778.799	3
778.815	2
778.831	2
778.846	1
778.862	6
778.878	-5
778.894	4
778.909	4
778.925	6
778.941	2
778.957	7
778.972	0
778.988	7
779.004	-5
779.019	5
779.035	-6
779.051	9
779.067	9
779.082	5
779.098	3
779.114	0
779.129	-1
779.145	13
779.161	7
779.177	4
779.192	0
779.208	1
779.224	2
779.239	2
779.255	-2
779.271	5
779.287	5
779.302	2
779.318	7
779.334	-1
779.349	0
779.365	-1
779.381	-4
779.396	2
779.412	1
779.428	1
779.444	3
779.459	3
779.475	-3
779.491	4
779.506	0
779.522	0
779.538	1
779.553	7
779.569	3
779.585	2
779.600	9
779.616	-5
779.632	1
779.647	2
779.663	-2
779.679	6
779.695	10
779.710	3
779.726	1
779.742	4
779.757	1
779.773	11
779.789	8
779.804	13
779.820	10
779.836	9
779.851	0
779.867	1
779.883	0
779.898	3
779.914	4
779.930	0
779.945	1
779.961	-4
779.977	2
779.992	4
780.008	11
780.023	-1
780.039	4
780.055	-2
780.070	-7
780.086	-1
780.102	-1
780.117	3
780.133	0
780.149	8
780.164	7
780.180	-2
780.196	0
780.211	1
780.227	1
780.243	6
780.258	0
780.274	2
780.289	7
780.305	9
780.321	0
780.336	-2
780.352	0
780.368	-4
780.383	3
780.399	6
780.414	-1
780.430	8
780.446	3
780.461	4
780.477	2
780.493	2
780.508	-2
780.524	3
780.539	2
780.555	-8
780.571	3
780.586	5
780.602	10
780.618	10
780.633	-1
780.649	6
780.664	5
780.680	-1
780.696	1
780.711	0
780.727	7
780.742	4
780.758	17
780.774	7
780.789	2
780.805	4
780.820	12
780.836	4
780.852	9
780.867	5
780.883	8
780.898	5
780.914	-4
780.930	-4
780.945	0
780.961	7
780.976	7
780.992	-1
781.008	15
781.023	-1
781.039	1
781.054	4
781.070	4
781.085	11
781.101	2
781.117	5
781.132	8
781.148	3
781.163	9
781.179	0
781.194	4
781.210	1
781.226	3
781.241	-3
781.257	5
781.272	4
781.288	-2
781.303	8
781.319	4
781.335	1
781.350	7
781.366	9
781.381	7
781.397	13
781.412	8
781.428	6
781.443	8
781.459	-2
781.475	5
781.490	2
781.506	3
781.521	7
781.537	4
781.552	6
781.568	1
781.583	3
781.599	-1
781.614	3
781.630	6
781.646	3
781.661	5
781.677	3
781.692	5
781.708	-3
781.723	0
781.739	0
781.754	1
781.770	1
781.785	-2
781.801	2
781.816	1
781.832	7
781.848	0
781.863	8
781.879	8
781.894	9
781.910	4
781.925	11
781.941	8
781.956	0
781.972	2
781.987	2
782.003	8
782.018	-2
782.034	4
782.049	3
782.065	2
782.080	0
782.096	5
782.111	2
782.127	-6
782.142	-1
782.158	-4
782.173	8
782.189	0
782.204	2
782.220	3
782.235	0
782.251	9
782.266	5
782.282	5
782.297	-3
782.313	8
782.328	3
782.344	10
782.359	1
782.375	1
782.390	6
782.406	5
782.421	7
782.437	2
782.452	4
782.468	8
782.483	1
782.499	7
782.514	6
782.530	3
782.545	7
782.561	5
782.576	4
782.592	2
782.607	6
782.622	9
782.638	4
782.653	5
782.669	2
782.684	9
782.700	8
782.715	5
782.731	10
782.746	-1
782.762	1
782.777	5
782.793	2
782.808	1
782.824	11
782.839	3
782.854	5
782.870	1
782.885	2
782.901	3
782.916	3
782.932	-3
782.947	6
782.963	13
782.978	3
782.993	4
783.009	0
783.024	6
783.040	14
783.055	9
783.071	5
783.086	10
783.102	7
783.117	6
783.132	12
783.148	-3
783.163	10
783.179	5
783.194	1
783.210	8
783.225	3
783.240	8
783.256	6
783.271	4
783.287	13
783.302	9
783.318	11
783.333	11
783.348	-1
783.364	8
783.379	12
783.395	7
783.410	-1
783.426	10
783.441	8
783.456	7
783.472	4
783.487	4
783.503	11
783.518	9
783.533	8
783.549	7
783.564	7
783.580	2
783.595	8
783.610	7
783.626	11
783.641	6
783.657	8
783.672	4
783.687	0
783.703	5
783.718	10
783.734	8
783.749	9
783.764	11
783.780	7
783.795	12
783.811	4
783.826	9
783.841	6
783.857	11
783.872	15
783.888	4
783.903	8
783.918	9
783.934	5
783.949	8
783.964	11
783.980	17
783.995	15
784.011	7
784.026	13
784.041	4
784.057	0
784.072	6
784.087	2
784.103	10
784.118	14
784.134	1
784.149	2
784.164	11
784.180	8
784.195	5
784.210	16
784.226	7
784.241	4
784.256	6
784.272	16
784.287	7
784.302	5
784.318	8
784.333	11
784.349	12
784.364	12
784.379	10
784.395	8
784.410	7
784.425	11
784.441	9
784.456	4
784.471	6
784.487	6
784.502	13
784.517	9
784.533	3
784.548	8
784.563	13
784.579	9
784.594	15
784.609	3
784.625	-1
784.640	-3
784.655	7
784.671	10
784.686	19
784.701	13
784.717	8
784.732	14
784.747	3
784.763	4
784.778	9
784.793	15
784.809	8
784.824	5
784.839	12
784.854	17
784.870	8
784.885	7
784.900	8
784.916	4
784.931	14
784.946	8
784.962	8
784.977	12
784.992	-3
785.008	-3
785.023	10
785.038	7
785.053	7
785.069	5
785.084	6
785.099	6
785.115	14
785.130	9
785.145	10
785.161	11
785.176	11
785.191	6
785.206	5
785.222	6
785.237	13
785.252	4
785.268	14
785.283	4
785.298	10
785.313	10
785.329	1
785.344	2
785.359	13
785.375	7
785.390	2
785.405	6
785.420	14
785.436	2
785.451	6
785.466	5
785.481	3
785.497	8
785.512	6
785.527	1
785.543	0
785.558	4
785.573	6
785.588	1
785.604	11
785.619	9
785.634	8
785.649	9
785.665	3
785.680	9
785.695	8
785.710	3
785.726	12
785.741	1
785.756	8
785.771	1
785.787	7
785.802	7
785.817	10
785.832	6
785.848	1
785.863	11
785.878	3
785.893	11
785.909	2
785.924	11
785.939	10
785.954	10
785.970	11
785.985	15
786.000	7
786.015	6
786.030	4
786.046	11
786.061	15
786.076	8
786.091	11
786.107	13
786.122	3
786.137	4
786.152	13
786.168	7
786.183	6
786.198	-1
786.213	8
786.228	5
786.244	11
786.259	2
786.274	19
786.289	5
786.304	1
786.320	2
786.335	13
786.350	7
786.365	9
786.381	8
786.396	6
786.411	10
786.426	6
786.441	-2
786.457	7
786.472	8
786.487	-2
786.502	4
786.517	6
786.533	3
786.548	5
786.563	8
786.578	3
786.593	4
786.608	7
786.624	8
786.639	4
786.654	14
786.669	6
786.684	7
786.700	2
786.715	1
786.730	1
786.745	10
786.760	1
786.775	6
786.791	5
786.806	3
786.821	6
786.836	-2
786.851	4
786.867	3
786.882	4
786.897	9
786.912	7
786.927	1
786.942	8
786.958	6
786.973	7
786.988	5
787.003	11
787.018	1
787.033	-2
787.049	-7
787.064	8
787.079	6
787.094	11
787.109	6
787.124	4
787.139	2
787.155	12
787.170	10
787.185	12
787.200	3
787.215	1
787.230	1
787.245	14
787.261	9
787.276	6
787.291	5
787.306	9
787.321	7
787.336	-3
787.351	2
787.367	8
787.382	2
787.397	-1
787.412	9
787.427	-2
787.442	4
787.457	4
787.472	8
787.488	10
787.503	1
787.518	7
787.533	1
787.548	4
787.563	5
787.578	12
787.593	4
787.609	8
787.624	2
787.639	1
787.654	8
787.669	12
787.684	0
787.699	10
787.714	6
787.730	5
787.745	4
787.760	-3
787.775	2
787.790	8
787.805	5
787.820	6
787.835	1
787.850	20
787.865	9
