771.850	14
771.866	15
771.883	4
771.899	12
771.915	16
771.931	15
771.947	18
771.964	21
771.980	17
771.996	10
772.012	15
772.028	12
772.045	11
772.061	15
772.077	6
772.093	24
772.109	14
772.126	18
772.142	15
772.158	18
772.174	8
772.190	15
772.206	17
772.223	12
772.239	11
772.255	13
772.271	18
772.287	22
772.304	20
772.320	6
772.336	14
772.352	15
772.368	14
772.384	14
772.401	8
772.417	16
772.433	18
772.449	12
772.465	16
772.482	8
772.498	5
772.514	13
772.530	16
772.546	22
772.562	20
772.579	20
772.595	17
772.611	9
772.627	9
772.643	21
772.659	12
772.675	25
772.692	12
772.708	12
772.724	19
772.740	20
772.756	12
772.772	11
772.789	14
772.805	17
772.821	17
772.837	11
772.853	17
772.869	16
772.885	12
772.902	5
772.918	13
772.934	16
772.950	23
772.966	12
772.982	19
772.998	14
773.015	10
773.031	15
773.047	17
773.063	25
773.079	19
773.095	18
773.111	15
773.127	17
773.144	18
773.160	20
773.176	12
773.192	12
773.208	12
773.224	18
773.240	11
773.256	21
773.272	14
773.289	17
773.305	15
773.321	18
773.337	22
773.353	9
773.369	14
773.385	13
773.401	19
773.417	14
773.434	14
773.450	8
773.466	8
773.482	20
773.498	21
773.514	23
773.530	19
773.546	28
773.562	20
773.579	21
773.595	17
773.611	13
773.627	24
773.643	23
773.659	14
773.675	13
773.691	22
773.707	14
773.723	10
773.739	20
773.755	21
773.772	10
773.788	22
773.804	10
773.820	13
773.836	5
773.852	24
773.868	15
773.884	18
773.900	21
773.916	27
773.932	14
773.948	26
773.964	20
773.981	25
773.997	21
774.013	22
774.029	11
774.045	16
774.061	21
774.077	20
774.093	20
774.109	20
774.125	18
774.141	16
774.157	6
774.173	16
774.189	8
774.205	15
774.221	14
774.237	11
774.254	9
774.270	14
774.286	17
774.302	9
774.318	25
774.334	18
774.350	20
774.366	13
774.382	18
774.398	15
774.414	5
774.430	16
774.446	17
774.462	19
774.478	22
774.494	8
774.510	22
774.526	13
774.542	16
774.558	18
774.574	11
774.590	12
774.606	13
774.622	13
774.638	14
774.654	5
774.670	16
774.686	12
774.702	16
774.719	13
774.735	15
774.751	14
774.767	8
774.783	11
774.799	15
774.815	13
774.831	18
774.847	18
774.863	20
774.879	9
774.895	24
774.911	15
774.927	7
774.943	18
774.959	13
774.975	27
774.991	20
775.007	27
775.023	16
775.039	21
775.055	13
775.071	21
775.087	26
775.103	46
775.119	23
775.135	17
775.151	18
775.167	12
775.183	21
775.199	28
775.215	18
775.231	9
775.247	16
775.262	17
775.278	15
775.294	14
775.310	12
775.326	16
775.342	20
775.358	19
775.374	15
775.390	9
775.406	21
775.422	21
775.438	18
775.454	20
775.470	19
775.486	17
775.502	27
775.518	20
775.534	25
775.550	20
775.566	10
775.582	22
775.598	16
775.614	12
775.630	11
775.646	20
775.662	16
775.678	13
775.694	12
775.710	10
775.725	10
775.741	18
775.757	9
775.773	14
775.789	21
775.805	20
775.821	11
775.837	15
775.853	7
775.869	11
775.885	19
775.901	19
775.917	18
775.933	18
775.949	10
775.965	19
775.981	8
775.996	8
776.012	12
776.028	17
776.044	10
776.060	15
776.076	12
776.092	11
776.108	13
776.124	16
776.140	17
776.156	15
776.172	10
776.188	10
776.203	17
776.219	17
776.235	28
776.251	20
776.267	19
776.283	13
776.299	17
776.315	28
776.331	35
776.347	26
776.363	22
776.378	24
776.394	20
776.410	19
776.426	12
776.442	13
776.458	19
776.474	17
776.490	13
776.506	18
776.522	15
776.537	12
776.553	22
776.569	11
776.585	13
776.601	17
776.617	14
776.633	19
776.649	17
776.665	16
776.680	9
776.696	14
776.712	20
776.728	11
776.744	18
776.760	24
776.776	19
776.792	11
776.808	18
776.823	21
776.839	7
776.855	21
776.871	16
776.887	17
776.903	16
776.919	29
776.934	20
776.950	17
776.966	24
776.982	11
776.998	9
777.014	11
777.030	21
777.046	17
777.061	12
777.077	18
777.093	14
777.109	20
777.125	16
777.141	23
777.157	13
777.172	14
777.188	17
777.204	15
777.220	16
777.236	9
777.252	17
777.267	13
777.283	14
777.299	14
777.315	26
777.331	29
777.347	25
777.362	18
777.378	29
777.394	32
777.410	27
777.426	16
777.442	21
777.457	12
777.473	14
777.489	18
777.505	18
777.521	12
777.537	11
777.552	16
777.568	6
777.584	17
777.600	24
777.616	15
777.632	7
777.647	13
777.663	14
777.679	13
777.695	13
777.711	22
777.726	20
777.742	25
777.758	28
777.774	28
777.790	21
777.806	23
777.821	15
777.837	13
777.853	18
777.869	24
777.885	26
777.900	22
777.916	10
777.932	19
777.948	12
777.964	30
777.979	24
777.995	24
778.011	15
778.027	16
778.042	13
778.058	8
778.074	17
778.090	10
778.106	11
778.121	20
778.137	19
778.153	7
778.169	11
778.185	12
778.200	11
778.216	17
778.232	14
778.248	10
778.263	18
778.279	20
778.295	5
778.311	15
778.327	19
778.342	6
778.358	16
778.374	10
778.390	14
778.405	16
778.421	21
778.437	8
778.453	13
778.468	15
778.484	4
778.500	9
778.516	14
778.531	12
778.547	12
778.563	13
778.579	12
778.594	26
778.610	21
778.626	20
778.642	11
778.658	9
778.673	19
778.689	14
778.705	19
778.720	8
778.736	17
778.752	9
778.768	5
778.783	13
778.799	22
778.815	27
778.831	16
778.846	18
778.862	19
778.878	22
778.894	16
778.909	15
778.925	17
778.941	18
778.957	14
778.972	7
778.988	20
779.004	12
779.019	14
779.035	15
779.051	21
779.067	21
779.082	20
779.098	12
779.114	20
779.129	11
779.145	15
779.161	18
779.177	19
779.192	13
779.208	20
779.224	13
779.239	19
779.255	14
779.271	13
779.287	23
779.302	10
779.318	11
779.334	21
779.349	16
779.365	11
779.381	7
779.396	16
779.412	12
779.428	11
779.444	8
779.459	20
779.475	17
779.491	12
779.506	10
779.522	14
779.538	17
779.553	14
779.569	11
779.585	13
779.600	21
779.616	15
779.632	12
779.647	13
779.663	18
779.679	19
779.695	15
779.710	12
779.726	5
779.742	18
779.757	12
779.773	25
779.789	21
779.804	18
779.820	22
779.836	19
779.851	10
779.867	12
779.883	14
779.898	10
779.914	11
779.930	14
779.945	8
779.961	8
779.977	11
779.992	17
780.008	12
780.023	7
780.039	7
780.055	10
780.070	5
780.086	1
780.102	12
780.117	8
780.133	12
780.149	18
780.164	20
780.180	12
780.196	7
780.211	7
780.227	16
780.243	18
780.258	13
780.274	17
780.289	16
780.305	20
780.321	16
780.336	15
780.352	10
780.368	4
780.383	7
780.399	14
780.414	15
780.430	17
780.446	8
780.461	12
780.477	15
780.493	7
780.508	6
780.524	11
780.539	16
780.555	7
780.571	13
780.586	13
780.602	19
780.618	27
780.633	8
780.649	18
780.664	10
780.680	9
780.696	17
780.711	10
780.727	19
780.742	14
780.758	29
780.774	16
780.789	26
780.805	11
780.820	12
780.836	14
780.852	13
780.867	15
780.883	21
780.898	18
780.914	14
780.930	9
780.945	13
780.961	15
780.976	8
780.992	12
781.008	24
781.023	13
781.039	13
781.054	14
781.070	12
781.085	13
781.101	10
781.117	23
781.132	16
781.148	10
781.163	15
781.179	13
781.194	20
781.210	13
781.226	11
781.241	14
781.257	13
781.272	10
781.288	14
781.303	15
781.319	19
781.335	9
781.350	18
781.366	31
781.381	17
781.397	14
781.412	18
781.428	15
781.443	11
781.459	18
781.475	15
781.490	18
781.506	10
781.521	13
781.537	10
781.552	20
781.568	20
781.583	21
781.599	20
781.614	11
781.630	16
781.646	21
781.661	21
781.677	13
781.692	9
781.708	12
781.723	20
781.739	28
781.754	17
781.770	17
781.785	10
781.801	14
781.816	14
781.832	24
781.848	19
781.863	21
781.879	21
781.894	15
781.910	14
781.925	16
781.941	16
781.956	12
781.972	15
781.987	14
782.003	19
782.018	11
782.034	12
782.049	15
782.065	20
782.080	26
782.096	25
782.111	30
782.127	20
782.142	28
782.158	27
782.173	25
782.189	16
782.204	26
782.220	23
782.235	18
782.251	25
782.266	23
782.282	25
782.297	21
782.313	18
782.328	19
782.344	17
782.359	17
782.375	14
782.390	20
782.406	21
782.421	19
782.437	24
782.452	19
782.468	14
782.483	10
782.499	29
782.514	15
782.530	14
782.545	18
782.561	15
782.576	20
782.592	14
782.607	13
782.622	18
782.638	6
782.653	13
782.669	11
782.684	32
782.700	30
782.715	22
782.731	33
782.746	13
782.762	21
782.777	18
782.793	41
782.808	26
782.824	24
782.839	16
782.854	14
782.870	18
782.885	26
782.901	18
782.916	13
782.932	18
782.947	12
782.963	12
782.978	25
782.993	21
783.009	25
783.024	30
783.040	40
783.055	54
783.071	59
783.086	53
783.102	63
783.117	67
783.132	84
783.148	75
783.163	79
783.179	79
783.194	71
783.210	64
783.225	49
783.240	42
783.256	45
783.271	23
783.287	34
783.302	23
783.318	30
783.333	31
783.348	26
783.364	34
783.379	28
783.395	32
783.410	21
783.426	42
783.441	26
783.456	13
783.472	17
783.487	19
783.503	26
783.518	25
783.533	16
783.549	45
783.564	47
783.580	50
783.595	63
783.610	54
783.626	49
783.641	31
783.657	24
783.672	22
783.687	26
783.703	33
783.718	47
783.734	61
783.749	65
783.764	54
783.780	50
783.795	43
783.811	25
783.826	50
783.841	46
783.857	53
783.872	71
783.888	91
783.903	85
783.918	80
783.934	46
783.949	25
783.964	30
783.980	46
783.995	64
784.011	75
784.026	66
784.041	51
784.057	27
784.072	25
784.087	23
784.103	47
784.118	62
784.134	55
784.149	43
784.164	30
784.180	19
784.195	28
784.210	55
784.226	62
784.241	48
784.256	41
784.272	28
784.287	29
784.302	31
784.318	46
784.333	62
784.349	53
784.364	30
784.379	15
784.395	28
784.410	37
784.425	38
784.441	24
784.456	15
784.471	39
784.487	46
784.502	46
784.517	42
784.533	25
784.548	40
784.563	53
784.579	50
784.594	42
784.609	57
784.625	49
784.640	30
784.655	40
784.671	56
784.686	60
784.701	51
784.717	30
784.732	46
784.747	59
784.763	61
784.778	53
784.793	32
784.809	41
784.824	62
784.839	65
784.854	40
784.870	29
784.885	53
784.900	75
784.916	62
784.931	25
784.946	28
784.962	61
784.977	53
784.992	30
785.008	18
785.023	47
785.038	52
785.053	23
785.069	20
785.084	53
785.099	52
785.115	28
785.130	18
785.145	48
785.161	71
785.176	25
785.191	20
785.206	32
785.222	52
785.237	47
785.252	19
785.268	45
785.283	33
785.298	30
785.313	28
785.329	53
785.344	33
785.359	28
785.375	26
785.390	44
785.405	24
785.420	45
785.436	34
785.451	39
785.466	29
785.481	41
785.497	41
785.512	33
785.527	28
785.543	29
785.558	27
785.573	33
785.588	42
785.604	35
785.619	27
785.634	23
785.649	57
785.665	59
785.680	25
785.695	15
785.710	33
785.726	47
785.741	62
785.756	79
785.771	30
785.787	35
785.802	33
785.817	47
785.832	28
785.848	21
785.863	69
785.878	60
785.893	68
785.909	40
785.924	61
785.939	39
785.954	39
785.970	50
785.985	42
786.000	51
786.015	41
786.030	37
786.046	34
786.061	38
786.076	61
786.091	34
786.107	41
786.122	33
786.137	23
786.152	53
786.168	28
786.183	31
786.198	18
786.213	41
786.228	25
786.244	35
786.259	49
786.274	39
786.289	40
786.304	28
786.320	27
786.335	31
786.350	30
786.365	32
786.381	31
786.396	45
786.411	40
786.426	31
786.441	56
786.457	26
786.472	22
786.487	43
786.502	33
786.517	24
786.533	34
786.548	40
786.563	19
786.578	24
786.593	28
786.608	37
786.624	43
786.639	39
786.654	35
786.669	52
786.684	32
786.700	35
786.715	53
786.730	51
786.745	42
786.760	54
786.775	25
786.791	35
786.806	40
786.821	28
786.836	19
786.851	32
786.867	29
786.882	37
786.897	37
786.912	22
786.927	24
786.942	22
786.958	41
786.973	31
786.988	15
787.003	38
787.018	22
787.033	28
787.049	30
787.064	28
787.079	43
787.094	37
787.109	18
787.124	23
787.139	19
787.155	34
787.170	26
787.185	28
787.200	29
787.215	13
787.230	12
787.245	26
787.261	22
787.276	20
787.291	29
787.306	29
787.321	43
787.336	37
787.351	27
787.367	35
787.382	24
787.397	19
787.412	25
787.427	13
787.442	24
787.457	37
787.472	26
787.488	23
787.503	21
787.518	19
787.533	14
787.548	19
787.563	21
787.578	26
787.593	38
787.609	37
787.624	43
787.639	27
787.654	30
787.669	21
787.684	24
787.699	31
787.714	70
787.730	70
787.745	91
787.760	107
787.775	100
787.790	108
787.805	94
787.820	69
787.835	54
787.850	54
787.865	64
