771.850	11
771.866	17
771.883	5
771.899	12
771.915	16
771.931	6
771.947	11
771.964	14
771.980	17
771.996	7
772.012	12
772.028	7
772.045	10
772.061	16
772.077	11
772.093	24
772.109	12
772.126	13
772.142	15
772.158	14
772.174	4
772.190	12
772.206	15
772.223	11
772.239	11
772.255	8
772.271	15
772.287	12
772.304	14
772.320	2
772.336	13
772.352	8
772.368	13
772.384	11
772.401	6
772.417	13
772.433	9
772.449	16
772.465	14
772.482	12
772.498	2
772.514	14
772.530	12
772.546	20
772.562	18
772.579	18
772.595	15
772.611	7
772.627	15
772.643	9
772.659	7
772.675	16
772.692	9
772.708	11
772.724	14
772.740	7
772.756	3
772.772	14
772.789	18
772.805	10
772.821	19
772.837	14
772.853	12
772.869	7
772.885	6
772.902	-1
772.918	15
772.934	26
772.950	19
772.966	11
772.982	19
772.998	7
773.015	5
773.031	12
773.047	16
773.063	19
773.079	9
773.095	16
773.111	13
773.127	17
773.144	17
773.160	12
773.176	7
773.192	9
773.208	12
773.224	14
773.240	7
773.256	14
773.272	7
773.289	15
773.305	13
773.321	11
773.337	21
773.353	4
773.369	14
773.385	10
773.401	14
773.417	10
773.434	16
773.450	7
773.466	15
773.482	13
773.498	17
773.514	23
773.530	10
773.546	25
773.562	20
773.579	16
773.595	16
773.611	13
773.627	21
773.643	20
773.659	15
773.675	18
773.691	14
773.707	9
773.723	3
773.739	20
773.755	22
773.772	10
773.788	16
773.804	5
773.820	8
773.836	11
773.852	23
773.868	11
773.884	13
773.900	22
773.916	26
773.932	13
773.948	24
773.964	16
773.981	9
773.997	16
774.013	20
774.029	1
774.045	6
774.061	15
774.077	11
774.093	18
774.109	14
774.125	13
774.141	13
774.157	1
774.173	18
774.189	10
774.205	8
774.221	11
774.237	12
774.254	5
774.270	14
774.286	13
774.302	12
774.318	20
774.334	16
774.350	12
774.366	13
774.382	13
774.398	10
774.414	8
774.430	8
774.446	14
774.462	13
774.478	19
774.494	16
774.510	13
774.526	12
774.542	7
774.558	14
774.574	10
774.590	4
774.606	7
774.622	16
774.638	15
774.654	6
774.670	10
774.686	8
774.702	15
774.719	17
774.735	15
774.751	9
774.767	10
774.783	15
774.799	15
774.815	14
774.831	14
774.847	19
774.863	11
774.879	8
774.895	19
774.911	12
774.927	17
774.943	18
774.959	10
774.975	18
774.991	16
775.007	16
775.023	15
775.039	8
775.055	8
775.071	11
775.087	8
775.103	19
775.119	18
775.135	15
775.151	10
775.167	18
775.183	19
775.199	24
775.215	14
775.231	3
775.247	14
775.262	17
775.278	13
775.294	18
775.310	6
775.326	12
775.342	8
775.358	13
775.374	7
775.390	5
775.406	13
775.422	13
775.438	17
775.454	22
775.470	16
775.486	7
775.502	17
775.518	12
775.534	19
775.550	19
775.566	14
775.582	10
775.598	14
775.614	6
775.630	12
775.646	16
775.662	21
775.678	9
775.694	12
775.710	11
775.725	14
775.741	14
775.757	12
775.773	14
775.789	17
775.805	16
775.821	9
775.837	9
775.853	7
775.869	16
775.885	19
775.901	15
775.917	14
775.933	17
775.949	8
775.965	19
775.981	3
775.996	15
776.012	10
776.028	14
776.044	10
776.060	13
776.076	11
776.092	14
776.108	8
776.124	14
776.140	11
776.156	18
776.172	8
776.188	2
776.203	18
776.219	13
776.235	20
776.251	11
776.267	8
776.283	11
776.299	15
776.315	22
776.331	13
776.347	18
776.363	10
776.378	15
776.394	16
776.410	13
776.426	7
776.442	13
776.458	12
776.474	20
776.490	14
776.506	11
776.522	15
776.537	-2
776.553	15
776.569	11
776.585	8
776.601	11
776.617	10
776.633	13
776.649	10
776.665	16
776.680	10
776.696	10
776.712	18
776.728	7
776.744	13
776.760	23
776.776	14
776.792	4
776.808	14
776.823	16
776.839	11
776.855	16
776.871	12
776.887	12
776.903	15
776.919	16
776.934	15
776.950	12
776.966	22
776.982	8
776.998	9
777.014	8
777.030	17
777.046	5
777.061	6
777.077	18
777.093	11
777.109	17
777.125	11
777.141	16
777.157	9
777.172	6
777.188	19
777.204	13
777.220	21
777.236	13
777.252	14
777.267	19
777.283	7
777.299	1
777.315	22
777.331	31
777.347	31
777.362	10
777.378	19
777.394	23
777.410	18
777.426	14
777.442	19
777.457	12
777.473	10
777.489	16
777.505	20
777.521	13
777.537	5
777.552	16
777.568	12
777.584	10
777.600	21
777.616	4
777.632	7
777.647	6
777.663	4
777.679	13
777.695	6
777.711	16
777.726	17
777.742	12
777.758	26
777.774	31
777.790	15
777.806	17
777.821	10
777.837	14
777.853	14
777.869	22
777.885	22
777.900	20
777.916	15
777.932	23
777.948	13
777.964	23
777.979	19
777.995	15
778.011	18
778.027	10
778.042	12
778.058	8
778.074	13
778.090	14
778.106	10
778.121	13
778.137	12
778.153	10
778.169	12
778.185	14
778.200	3
778.216	4
778.232	16
778.248	15
778.263	20
778.279	17
778.295	0
778.311	14
778.327	16
778.342	11
778.358	5
778.374	7
778.390	6
778.405	10
778.421	18
778.437	15
778.453	12
778.468	13
778.484	7
778.500	4
778.516	9
778.531	6
778.547	12
778.563	14
778.579	14
778.594	19
778.610	11
778.626	10
778.642	5
778.658	7
778.673	6
778.689	11
778.705	6
778.720	3
778.736	12
778.752	16
778.768	3
778.783	11
778.799	18
778.815	19
778.831	15
778.846	9
778.862	16
778.878	7
778.894	15
778.909	18
778.925	13
778.941	17
778.957	17
778.972	12
778.988	14
779.004	6
779.019	8
779.035	14
779.051	16
779.067	22
779.082	14
779.098	14
779.114	14
779.129	21
779.145	11
779.161	22
779.177	9
779.192	9
779.208	17
779.224	14
779.239	10
779.255	6
779.271	13
779.287	16
779.302	10
779.318	11
779.334	17
779.349	11
779.365	14
779.381	1
779.396	7
779.412	12
779.428	13
779.444	2
779.459	18
779.475	2
779.491	12
779.506	12
779.522	13
779.538	11
779.553	14
779.569	3
779.585	15
779.600	20
779.616	4
779.632	9
779.647	12
779.663	10
779.679	14
779.695	12
779.710	12
779.726	8
779.742	15
779.757	16
779.773	18
779.789	13
779.804	17
779.820	16
779.836	26
779.851	5
779.867	12
779.883	12
779.898	4
779.914	6
779.930	19
779.945	8
779.961	5
779.977	7
779.992	8
780.008	7
780.023	4
780.039	10
780.055	6
780.070	5
780.086	4
780.102	4
780.117	8
780.133	4
780.149	8
780.164	14
780.180	4
780.196	9
780.211	10
780.227	11
780.243	13
780.258	18
780.274	10
780.289	17
780.305	14
780.321	15
780.336	7
780.352	9
780.368	7
780.383	8
780.399	10
780.414	12
780.430	11
780.446	15
780.461	12
780.477	13
780.493	8
780.508	13
780.524	7
780.539	10
780.555	4
780.571	15
780.586	15
780.602	14
780.618	24
780.633	3
780.649	15
780.664	11
780.680	5
780.696	11
780.711	9
780.727	16
780.742	15
780.758	19
780.774	13
780.789	14
780.805	6
780.820	15
780.836	14
780.852	8
780.867	17
780.883	17
780.898	13
780.914	14
780.930	18
780.945	2
780.961	16
780.976	11
780.992	4
781.008	13
781.023	10
781.039	14
781.054	17
781.070	16
781.085	18
781.101	2
781.117	17
781.132	15
781.148	6
781.163	19
781.179	11
781.194	14
781.210	10
781.226	13
781.241	10
781.257	11
781.272	11
781.288	14
781.303	18
781.319	11
781.335	8
781.350	23
781.366	25
781.381	12
781.397	15
781.412	13
781.428	16
781.443	10
781.459	7
781.475	15
781.490	15
781.506	4
781.521	16
781.537	9
781.552	17
781.568	14
781.583	15
781.599	16
781.614	12
781.630	9
781.646	16
781.661	18
781.677	14
781.692	13
781.708	8
781.723	14
781.739	14
781.754	10
781.770	13
781.785	12
781.801	15
781.816	10
781.832	21
781.848	12
781.863	17
781.879	14
781.894	18
781.910	13
781.925	16
781.941	14
781.956	10
781.972	11
781.987	8
782.003	13
782.018	14
782.034	17
782.049	12
782.065	18
782.080	19
782.096	11
782.111	29
782.127	21
782.142	28
782.158	22
782.173	19
782.189	9
782.204	19
782.220	15
782.235	19
782.251	23
782.266	18
782.282	21
782.297	17
782.313	21
782.328	11
782.344	19
782.359	9
782.375	10
782.390	17
782.406	10
782.421	16
782.437	15
782.452	10
782.468	18
782.483	17
782.499	22
782.514	17
782.530	12
782.545	13
782.561	14
782.576	12
782.592	16
782.607	16
782.622	21
782.638	13
782.653	13
782.669	10
782.684	24
782.700	24
782.715	22
782.731	23
782.746	17
782.762	14
782.777	20
782.793	26
782.808	12
782.824	22
782.839	10
782.854	10
782.870	19
782.885	24
782.901	13
782.916	20
782.932	8
782.947	9
782.963	20
782.978	19
782.993	19
783.009	20
783.024	25
783.040	32
783.055	36
783.071	44
783.086	46
783.102	64
783.117	51
783.132	71
783.148	55
783.163	64
783.179	67
783.194	50
783.210	51
783.225	31
783.240	32
783.256	31
783.271	24
783.287	20
783.302	19
783.318	20
783.333	18
783.348	18
783.364	29
783.379	23
783.395	23
783.410	18
783.426	30
783.441	18
783.456	13
783.472	12
783.487	12
783.503	19
783.518	22
783.533	23
783.549	31
783.564	38
783.580	43
783.595	56
783.610	39
783.626	42
783.641	33
783.657	26
783.672	21
783.687	14
783.703	25
783.718	32
783.734	46
783.749	60
783.764	50
783.780	31
783.795	37
783.811	32
783.826	40
783.841	38
783.857	35
783.872	61
783.888	77
783.903	72
783.918	70
783.934	37
783.949	16
783.964	21
783.980	53
783.995	54
784.011	48
784.026	52
784.041	34
784.057	25
784.072	22
784.087	12
784.103	30
784.118	48
784.134	51
784.149	29
784.164	21
784.180	18
784.195	26
784.210	55
784.226	55
784.241	43
784.256	28
784.272	24
784.287	14
784.302	22
784.318	48
784.333	53
784.349	43
784.364	15
784.379	16
784.395	25
784.410	29
784.425	28
784.441	18
784.456	14
784.471	25
784.487	38
784.502	43
784.517	32
784.533	21
784.548	46
784.563	46
784.579	48
784.594	34
784.609	46
784.625	34
784.640	24
784.655	29
784.671	49
784.686	56
784.701	44
784.717	32
784.732	25
784.747	56
784.763	44
784.778	36
784.793	31
784.809	39
784.824	48
784.839	52
784.854	32
784.870	28
784.885	43
784.900	60
784.916	44
784.931	17
784.946	18
784.962	47
784.977	47
784.992	17
785.008	19
785.023	41
785.038	37
785.053	17
785.069	14
785.084	48
785.099	43
785.115	22
785.130	14
785.145	42
785.161	53
785.176	22
785.191	10
785.206	37
785.222	44
785.237	39
785.252	23
785.268	33
785.283	27
785.298	30
785.313	26
785.329	42
785.344	22
785.359	25
785.375	21
785.390	36
785.405	26
785.420	37
785.436	36
785.451	28
785.466	30
785.481	27
785.497	24
785.512	19
785.527	29
785.543	28
785.558	17
785.573	24
785.588	19
785.604	29
785.619	18
785.634	26
785.649	53
785.665	28
785.680	28
785.695	12
785.710	25
785.726	42
785.741	52
785.756	59
785.771	30
785.787	26
785.802	26
785.817	27
785.832	23
785.848	17
785.863	59
785.878	48
785.893	61
785.909	45
785.924	50
785.939	34
785.954	35
785.970	49
785.985	35
786.000	41
786.015	35
786.030	28
786.046	30
786.061	39
786.076	44
786.091	26
786.107	28
786.122	26
786.137	17
786.152	33
786.168	23
786.183	22
786.198	12
786.213	32
786.228	21
786.244	35
786.259	38
786.274	34
786.289	39
786.304	27
786.320	19
786.335	24
786.350	23
786.365	29
786.381	19
786.396	42
786.411	35
786.426	38
786.441	45
786.457	24
786.472	32
786.487	30
786.502	25
786.517	22
786.533	25
786.548	21
786.563	16
786.578	18
786.593	23
786.608	25
786.624	37
786.639	43
786.654	27
786.669	35
786.684	32
786.700	30
786.715	49
786.730	41
786.745	42
786.760	36
786.775	21
786.791	26
786.806	41
786.821	17
786.836	14
786.851	33
786.867	19
786.882	40
786.897	30
786.912	25
786.927	27
786.942	17
786.958	30
786.973	28
786.988	8
787.003	27
787.018	28
787.033	11
787.049	24
787.064	19
787.079	31
787.094	30
787.109	21
787.124	18
787.139	16
787.155	37
787.170	27
787.185	17
787.200	14
787.215	16
787.230	7
787.245	19
787.261	27
787.276	13
787.291	29
787.306	25
787.321	29
787.336	29
787.351	26
787.367	24
787.382	12
787.397	5
787.412	15
787.427	10
787.442	15
787.457	21
787.472	19
787.488	22
787.503	16
787.518	15
787.533	13
787.548	10
787.563	13
787.578	22
787.593	27
787.609	46
787.624	28
787.639	24
787.654	18
787.669	22
787.684	29
787.699	39
787.714	46
787.730	64
787.745	83
787.760	84
787.775	82
787.790	91
787.805	76
787.820	47
787.835	43
787.850	38
787.865	43
