771.850	11
771.866	16
771.883	10
771.899	19
771.915	12
771.931	10
771.947	13
771.964	20
771.980	15
771.996	5
772.012	19
772.028	6
772.045	12
772.061	11
772.077	11
772.093	15
772.109	7
772.126	15
772.142	12
772.158	13
772.174	13
772.190	13
772.206	15
772.223	12
772.239	10
772.255	9
772.271	16
772.287	12
772.304	22
772.320	6
772.336	19
772.352	7
772.368	13
772.384	12
772.401	8
772.417	9
772.433	18
772.449	10
772.465	12
772.482	10
772.498	12
772.514	13
772.530	13
772.546	23
772.562	15
772.579	21
772.595	8
772.611	10
772.627	14
772.643	7
772.659	12
772.675	12
772.692	4
772.708	7
772.724	16
772.740	13
772.756	11
772.772	19
772.789	9
772.805	12
772.821	14
772.837	7
772.853	9
772.869	11
772.885	11
772.902	9
772.918	8
772.934	13
772.950	16
772.966	9
772.982	17
772.998	12
773.015	4
773.031	15
773.047	16
773.063	19
773.079	12
773.095	16
773.111	5
773.127	19
773.144	18
773.160	18
773.176	9
773.192	8
773.208	12
773.224	12
773.240	10
773.256	13
773.272	15
773.289	16
773.305	18
773.321	20
773.337	21
773.353	6
773.369	7
773.385	6
773.401	9
773.417	11
773.434	11
773.450	13
773.466	16
773.482	17
773.498	23
773.514	21
773.530	12
773.546	22
773.562	16
773.579	11
773.595	15
773.611	9
773.627	18
773.643	17
773.659	9
773.675	14
773.691	11
773.707	11
773.723	6
773.739	14
773.755	17
773.772	10
773.788	13
773.804	8
773.820	15
773.836	8
773.852	20
773.868	9
773.884	16
773.900	24
773.916	16
773.932	13
773.948	26
773.964	22
773.981	11
773.997	13
774.013	20
774.029	5
774.045	12
774.061	20
774.077	15
774.093	16
774.109	14
774.125	14
774.141	21
774.157	0
774.173	9
774.189	8
774.205	6
774.221	10
774.237	11
774.254	3
774.270	11
774.286	16
774.302	13
774.318	22
774.334	17
774.350	14
774.366	5
774.382	9
774.398	11
774.414	2
774.430	11
774.446	18
774.462	7
774.478	17
774.494	15
774.510	14
774.526	13
774.542	7
774.558	18
774.574	7
774.590	9
774.606	6
774.622	10
774.638	12
774.654	5
774.670	13
774.686	13
774.702	11
774.719	17
774.735	9
774.751	12
774.767	11
774.783	13
774.799	13
774.815	10
774.831	12
774.847	20
774.863	14
774.879	7
774.895	19
774.911	3
774.927	11
774.943	23
774.959	20
774.975	14
774.991	12
775.007	20
775.023	13
775.039	12
775.055	8
775.071	15
775.087	10
775.103	14
775.119	18
775.135	13
775.151	14
775.167	10
775.183	10
775.199	17
775.215	12
775.231	12
775.247	9
775.262	13
775.278	18
775.294	14
775.310	9
775.326	8
775.342	7
775.358	17
775.374	14
775.390	7
775.406	13
775.422	13
775.438	12
775.454	15
775.470	14
775.486	6
775.502	23
775.518	15
775.534	15
775.550	10
775.566	11
775.582	12
775.598	14
775.614	5
775.630	9
775.646	14
775.662	20
775.678	8
775.694	9
775.710	7
775.725	9
775.741	11
775.757	9
775.773	6
775.789	15
775.805	17
775.821	13
775.837	5
775.853	-1
775.869	11
775.885	14
775.901	11
775.917	14
775.933	15
775.949	11
775.965	15
775.981	11
775.996	6
776.012	8
776.028	17
776.044	8
776.060	10
776.076	11
776.092	11
776.108	3
776.124	12
776.140	14
776.156	16
776.172	12
776.188	3
776.203	10
776.219	17
776.235	19
776.251	11
776.267	9
776.283	9
776.299	11
776.315	14
776.331	17
776.347	16
776.363	18
776.378	21
776.394	13
776.410	13
776.426	3
776.442	9
776.458	13
776.474	11
776.490	15
776.506	15
776.522	16
776.537	6
776.553	8
776.569	7
776.585	8
776.601	14
776.617	8
776.633	7
776.649	13
776.665	17
776.680	9
776.696	3
776.712	23
776.728	14
776.744	17
776.760	16
776.776	12
776.792	10
776.808	13
776.823	17
776.839	13
776.855	10
776.871	16
776.887	15
776.903	18
776.919	21
776.934	13
776.950	12
776.966	19
776.982	10
776.998	1
777.014	14
777.030	18
777.046	15
777.061	11
777.077	11
777.093	9
777.109	18
777.125	9
777.141	15
777.157	14
777.172	15
777.188	13
777.204	11
777.220	18
777.236	16
777.252	12
777.267	17
777.283	8
777.299	10
777.315	23
777.331	21
777.347	27
777.362	18
777.378	20
777.394	21
777.410	22
777.426	13
777.442	14
777.457	10
777.473	5
777.489	18
777.505	14
777.521	8
777.537	8
777.552	19
777.568	13
777.584	10
777.600	24
777.616	6
777.632	6
777.647	12
777.663	9
777.679	7
777.695	9
777.711	14
777.726	19
777.742	16
777.758	26
777.774	20
777.790	20
777.806	18
777.821	7
777.837	9
777.853	7
777.869	24
777.885	29
777.900	20
777.916	14
777.932	23
777.948	9
777.964	24
777.979	19
777.995	16
778.011	17
778.027	11
778.042	13
778.058	11
778.074	11
778.090	18
778.106	9
778.121	14
778.137	13
778.153	8
778.169	13
778.185	11
778.200	4
778.216	3
778.232	12
778.248	10
778.263	18
778.279	13
778.295	8
778.311	14
778.327	11
778.342	4
778.358	16
778.374	19
778.390	14
778.405	11
778.421	18
778.437	13
778.453	13
778.468	11
778.484	6
778.500	7
778.516	9
778.531	14
778.547	14
778.563	10
778.579	11
778.594	21
778.610	14
778.626	13
778.642	9
778.658	11
778.673	14
778.689	9
778.705	18
778.720	7
778.736	13
778.752	8
778.768	12
778.783	18
778.799	13
778.815	11
778.831	10
778.846	13
778.862	18
778.878	9
778.894	15
778.909	11
778.925	15
778.941	17
778.957	18
778.972	8
778.988	11
779.004	13
779.019	9
779.035	9
779.051	18
779.067	20
779.082	18
779.098	12
779.114	16
779.129	11
779.145	21
779.161	14
779.177	7
779.192	19
779.208	18
779.224	10
779.239	14
779.255	12
779.271	20
779.287	14
779.302	14
779.318	15
779.334	13
779.349	8
779.365	8
779.381	3
779.396	8
779.412	10
779.428	10
779.444	1
779.459	13
779.475	12
779.491	8
779.506	12
779.522	16
779.538	18
779.553	18
779.569	8
779.585	13
779.600	18
779.616	10
779.632	14
779.647	18
779.663	9
779.679	18
779.695	18
779.710	7
779.726	4
779.742	18
779.757	10
779.773	14
779.789	13
779.804	12
779.820	18
779.836	20
779.851	10
779.867	12
779.883	8
779.898	12
779.914	10
779.930	8
779.945	9
779.961	8
779.977	7
779.992	6
780.008	13
780.023	-2
780.039	9
780.055	8
780.070	7
780.086	7
780.102	9
780.117	4
780.133	-1
780.149	20
780.164	17
780.180	2
780.196	9
780.211	1
780.227	12
780.243	14
780.258	8
780.274	15
780.289	11
780.305	13
780.321	19
780.336	3
780.352	5
780.368	4
780.383	7
780.399	10
780.414	12
780.430	9
780.446	17
780.461	19
780.477	13
780.493	11
780.508	16
780.524	6
780.539	13
780.555	4
780.571	13
780.586	12
780.602	20
780.618	25
780.633	10
780.649	19
780.664	8
780.680	11
780.696	8
780.711	11
780.727	13
780.742	12
780.758	18
780.774	18
780.789	17
780.805	10
780.820	15
780.836	6
780.852	8
780.867	18
780.883	19
780.898	16
780.914	6
780.930	5
780.945	11
780.961	16
780.976	9
780.992	13
781.008	11
781.023	11
781.039	9
781.054	11
781.070	15
781.085	14
781.101	6
781.117	17
781.132	15
781.148	6
781.163	15
781.179	15
781.194	16
781.210	10
781.226	7
781.241	7
781.257	13
781.272	18
781.288	11
781.303	18
781.319	9
781.335	17
781.350	17
781.366	22
781.381	14
781.397	16
781.412	19
781.428	21
781.443	14
781.459	10
781.475	14
781.490	11
781.506	14
781.521	14
781.537	11
781.552	17
781.568	12
781.583	24
781.599	14
781.614	13
781.630	9
781.646	11
781.661	17
781.677	14
781.692	12
781.708	6
781.723	19
781.739	17
781.754	11
781.770	10
781.785	8
781.801	12
781.816	9
781.832	21
781.848	15
781.863	20
781.879	18
781.894	13
781.910	14
781.925	15
781.941	12
781.956	13
781.972	11
781.987	10
782.003	14
782.018	16
782.034	18
782.049	8
782.065	15
782.080	22
782.096	17
782.111	27
782.127	15
782.142	24
782.158	25
782.173	17
782.189	16
782.204	14
782.220	22
782.235	11
782.251	24
782.266	21
782.282	22
782.297	18
782.313	17
782.328	15
782.344	15
782.359	8
782.375	15
782.390	21
782.406	13
782.421	17
782.437	16
782.452	14
782.468	17
782.483	16
782.499	16
782.514	6
782.530	12
782.545	11
782.561	12
782.576	10
782.592	16
782.607	12
782.622	17
782.638	8
782.653	16
782.669	10
782.684	25
782.700	21
782.715	22
782.731	22
782.746	12
782.762	12
782.777	16
782.793	36
782.808	14
782.824	27
782.839	10
782.854	17
782.870	19
782.885	23
782.901	10
782.916	14
782.932	12
782.947	9
782.963	16
782.978	19
782.993	12
783.009	9
783.024	22
783.040	31
783.055	39
783.071	45
783.086	38
783.102	51
783.117	55
783.132	67
783.148	52
783.163	62
783.179	66
783.194	55
783.210	53
783.225	33
783.240	36
783.256	40
783.271	26
783.287	20
783.302	23
783.318	34
783.333	29
783.348	19
783.364	27
783.379	28
783.395	26
783.410	25
783.426	32
783.441	19
783.456	16
783.472	13
783.487	11
783.503	14
783.518	17
783.533	24
783.549	33
783.564	42
783.580	46
783.595	48
783.610	42
783.626	47
783.641	30
783.657	24
783.672	19
783.687	18
783.703	26
783.718	29
783.734	40
783.749	52
783.764	51
783.780	36
783.795	47
783.811	27
783.826	37
783.841	34
783.857	43
783.872	55
783.888	70
783.903	65
783.918	60
783.934	34
783.949	17
783.964	24
783.980	46
783.995	56
784.011	55
784.026	57
784.041	35
784.057	21
784.072	19
784.087	12
784.103	27
784.118	50
784.134	51
784.149	31
784.164	22
784.180	15
784.195	20
784.210	45
784.226	47
784.241	50
784.256	30
784.272	26
784.287	23
784.302	27
784.318	41
784.333	49
784.349	38
784.364	25
784.379	16
784.395	24
784.410	32
784.425	24
784.441	21
784.456	13
784.471	22
784.487	36
784.502	48
784.517	30
784.533	19
784.548	42
784.563	42
784.579	35
784.594	25
784.609	42
784.625	40
784.640	25
784.655	33
784.671	49
784.686	53
784.701	39
784.717	27
784.732	32
784.747	39
784.763	42
784.778	35
784.793	33
784.809	48
784.824	52
784.839	55
784.854	44
784.870	30
784.885	49
784.900	60
784.916	42
784.931	17
784.946	20
784.962	51
784.977	45
784.992	21
785.008	22
785.023	33
785.038	45
785.053	21
785.069	13
785.084	52
785.099	40
785.115	24
785.130	8
785.145	40
785.161	67
785.176	20
785.191	14
785.206	35
785.222	42
785.237	30
785.252	21
785.268	32
785.283	28
785.298	21
785.313	30
785.329	39
785.344	15
785.359	24
785.375	23
785.390	35
785.405	17
785.420	38
785.436	31
785.451	28
785.466	21
785.481	32
785.497	35
785.512	17
785.527	20
785.543	26
785.558	18
785.573	33
785.588	21
785.604	29
785.619	24
785.634	21
785.649	53
785.665	34
785.680	18
785.695	14
785.710	23
785.726	51
785.741	50
785.756	67
785.771	25
785.787	34
785.802	27
785.817	31
785.832	21
785.848	29
785.863	60
785.878	51
785.893	58
785.909	38
785.924	52
785.939	25
785.954	29
785.970	42
785.985	33
786.000	43
786.015	29
786.030	22
786.046	36
786.061	27
786.076	42
786.091	32
786.107	27
786.122	35
786.137	13
786.152	41
786.168	20
786.183	19
786.198	18
786.213	34
786.228	22
786.244	29
786.259	40
786.274	37
786.289	32
786.304	20
786.320	25
786.335	24
786.350	28
786.365	32
786.381	22
786.396	35
786.411	36
786.426	19
786.441	48
786.457	23
786.472	27
786.487	32
786.502	23
786.517	22
786.533	25
786.548	32
786.563	18
786.578	14
786.593	27
786.608	30
786.624	38
786.639	37
786.654	19
786.669	39
786.684	18
786.700	25
786.715	40
786.730	35
786.745	27
786.760	31
786.775	19
786.791	38
786.806	22
786.821	21
786.836	27
786.851	31
786.867	29
786.882	31
786.897	36
786.912	21
786.927	22
786.942	25
786.958	30
786.973	27
786.988	21
787.003	21
787.018	26
787.033	12
787.049	27
787.064	14
787.079	32
787.094	30
787.109	19
787.124	14
787.139	16
787.155	30
787.170	26
787.185	20
787.200	25
787.215	16
787.230	12
787.245	20
787.261	16
787.276	19
787.291	27
787.306	29
787.321	26
787.336	20
787.351	18
787.367	34
787.382	11
787.397	9
787.412	14
787.427	12
787.442	14
787.457	22
787.472	21
787.488	14
787.503	13
787.518	12
787.533	14
787.548	13
787.563	19
787.578	17
787.593	37
787.609	41
787.624	36
787.639	22
787.654	16
787.669	22
787.684	21
787.699	31
787.714	65
787.730	58
787.745	83
787.760	88
787.775	86
787.790	88
787.805	61
787.820	51
787.835	41
787.850	53
787.865	43
