771.850	1
771.866	7
771.883	1
771.899	4
771.915	14
771.931	7
771.947	7
771.964	9
771.980	7
771.996	2
772.012	11
772.028	7
772.045	7
772.061	7
772.077	-2
772.093	10
772.109	5
772.126	7
772.142	0
772.158	15
772.174	-6
772.190	3
772.206	10
772.223	4
772.239	8
772.255	-3
772.271	5
772.287	1
772.304	7
772.320	-6
772.336	12
772.352	3
772.368	10
772.384	10
772.401	4
772.417	3
772.433	3
772.449	6
772.465	6
772.482	7
772.498	-2
772.514	2
772.530	4
772.546	13
772.562	10
772.579	4
772.595	8
772.611	7
772.627	4
772.643	2
772.659	4
772.675	6
772.692	-2
772.708	6
772.724	5
772.740	7
772.756	8
772.772	6
772.789	8
772.805	3
772.821	4
772.837	13
772.853	5
772.869	3
772.885	-1
772.902	0
772.918	-1
772.934	5
772.950	-1
772.966	10
772.982	11
772.998	0
773.015	-2
773.031	4
773.047	12
773.063	12
773.079	6
773.095	9
773.111	5
773.127	8
773.144	3
773.160	4
773.176	0
773.192	3
773.208	6
773.224	0
773.240	3
773.256	5
773.272	3
773.289	11
773.305	1
773.321	11
773.337	7
773.353	-1
773.369	2
773.385	5
773.401	6
773.417	11
773.434	2
773.450	-4
773.466	5
773.482	12
773.498	4
773.514	5
773.530	2
773.546	12
773.562	4
773.579	2
773.595	2
773.611	2
773.627	7
773.643	9
773.659	4
773.675	0
773.691	11
773.707	1
773.723	0
773.739	7
773.755	11
773.772	4
773.788	5
773.804	6
773.820	5
773.836	0
773.852	11
773.868	-1
773.884	9
773.900	5
773.916	12
773.932	8
773.948	9
773.964	9
773.981	6
773.997	8
774.013	11
774.029	-3
774.045	2
774.061	8
774.077	5
774.093	10
774.109	7
774.125	7
774.141	6
774.157	-7
774.173	5
774.189	3
774.205	6
774.221	0
774.237	6
774.254	-2
774.270	-3
774.286	2
774.302	0
774.318	9
774.334	3
774.350	13
774.366	5
774.382	7
774.398	8
774.414	1
774.430	4
774.446	6
774.462	0
774.478	10
774.494	13
774.510	8
774.526	-1
774.542	0
774.558	8
774.574	5
774.590	0
774.606	5
774.622	5
774.638	0
774.654	0
774.670	9
774.686	3
774.702	3
774.719	11
774.735	7
774.751	0
774.767	2
774.783	0
774.799	6
774.815	9
774.831	6
774.847	9
774.863	7
774.879	1
774.895	11
774.911	11
774.927	-1
774.943	10
774.959	8
774.975	14
774.991	2
775.007	12
775.023	5
775.039	9
775.055	3
775.071	2
775.087	-2
775.103	10
775.119	3
775.135	2
775.151	7
775.167	7
775.183	13
775.199	6
775.215	4
775.231	1
775.247	7
775.262	8
775.278	8
775.294	6
775.310	4
775.326	1
775.342	-1
775.358	5
775.374	4
775.390	-2
775.406	9
775.422	12
775.438	10
775.454	5
775.470	2
775.486	-7
775.502	10
775.518	1
775.534	11
775.550	8
775.566	6
775.582	3
775.598	6
775.614	0
775.630	0
775.646	7
775.662	10
775.678	2
775.694	4
775.710	2
775.725	6
775.741	5
775.757	5
775.773	6
775.789	10
775.805	12
775.821	3
775.837	5
775.853	-8
775.869	1
775.885	18
775.901	10
775.917	8
775.933	13
775.949	1
775.965	13
775.981	3
775.996	0
776.012	7
776.028	11
776.044	3
776.060	3
776.076	1
776.092	8
776.108	0
776.124	10
776.140	15
776.156	11
776.172	1
776.188	7
776.203	7
776.219	1
776.235	6
776.251	1
776.267	4
776.283	5
776.299	6
776.315	7
776.331	12
776.347	4
776.363	12
776.378	8
776.394	5
776.410	5
776.426	3
776.442	11
776.458	0
776.474	11
776.490	8
776.506	7
776.522	8
776.537	1
776.553	13
776.569	7
776.585	2
776.601	12
776.617	-2
776.633	6
776.649	-2
776.665	6
776.680	-1
776.696	-4
776.712	12
776.728	2
776.744	2
776.760	15
776.776	3
776.792	0
776.808	4
776.823	5
776.839	2
776.855	8
776.871	9
776.887	7
776.903	2
776.919	10
776.934	12
776.950	6
776.966	10
776.982	0
776.998	5
777.014	3
777.030	8
777.046	4
777.061	5
777.077	8
777.093	-3
777.109	9
777.125	0
777.141	5
777.157	7
777.172	4
777.188	10
777.204	12
777.220	10
777.236	4
777.252	3
777.267	4
777.283	6
777.299	-3
777.315	12
777.331	11
777.347	9
777.362	2
777.378	7
777.394	5
777.410	10
777.426	8
777.442	8
777.457	-1
777.473	3
777.489	7
777.505	7
777.521	3
777.537	-5
777.552	9
777.568	0
777.584	3
777.600	3
777.616	-1
777.632	2
777.647	4
777.663	4
777.679	1
777.695	2
777.711	5
777.726	0
777.742	6
777.758	11
777.774	8
777.790	9
777.806	8
777.821	4
777.837	3
777.853	2
777.869	8
777.885	12
777.900	4
777.916	5
777.932	11
777.948	-1
777.964	6
777.979	1
777.995	9
778.011	6
778.027	5
778.042	9
778.058	3
778.074	6
778.090	7
778.106	4
778.121	5
778.137	6
778.153	4
778.169	6
778.185	2
778.200	2
778.216	11
778.232	10
778.248	6
778.263	8
778.279	5
778.295	-2
778.311	8
778.327	2
778.342	-5
778.358	8
778.374	4
778.390	6
778.405	3
778.421	11
778.437	6
778.453	3
778.468	5
778.484	3
778.500	-4
778.516	7
778.531	-2
778.547	9
778.563	7
778.579	5
778.594	13
778.610	7
778.626	3
778.642	1
778.658	7
778.673	0
778.689	3
778.705	7
778.720	-8
778.736	8
778.752	0
778.768	2
778.783	8
778.799	5
778.815	12
778.831	5
778.846	5
778.862	6
778.878	1
778.894	5
778.909	1
778.925	9
778.941	9
778.957	9
778.972	4
778.988	12
779.004	8
779.019	7
779.035	3
779.051	10
779.067	6
779.082	8
779.098	-2
779.114	9
779.129	3
779.145	11
779.161	12
779.177	4
779.192	5
779.208	10
779.224	4
779.239	3
779.255	4
779.271	10
779.287	6
779.302	1
779.318	10
779.334	4
779.349	2
779.365	0
779.381	-4
779.396	5
779.412	6
779.428	3
779.444	0
779.459	5
779.475	-2
779.491	6
779.506	-2
779.522	5
779.538	1
779.553	8
779.569	3
779.585	3
779.600	10
779.616	-1
779.632	7
779.647	2
779.663	1
779.679	8
779.695	-1
779.710	3
779.726	-10
779.742	6
779.757	2
779.773	8
779.789	15
779.804	9
779.820	7
779.836	10
779.851	3
779.867	4
779.883	5
779.898	2
779.914	5
779.930	4
779.945	-2
779.961	0
779.977	-1
779.992	5
780.008	7
780.023	4
780.039	7
780.055	5
780.070	-2
780.086	-4
780.102	3
780.117	4
780.133	2
780.149	12
780.164	10
780.180	1
780.196	4
780.211	-2
780.227	1
780.243	-2
780.258	6
780.274	2
780.289	5
780.305	4
780.321	7
780.336	6
780.352	2
780.368	-6
780.383	-1
780.399	6
780.414	11
780.430	3
780.446	4
780.461	6
780.477	-2
780.493	3
780.508	-2
780.524	3
780.539	3
780.555	0
780.571	10
780.586	6
780.602	7
780.618	14
780.633	4
780.649	8
780.664	4
780.680	1
780.696	0
780.711	-4
780.727	11
780.742	3
780.758	6
780.774	8
780.789	5
780.805	4
780.820	0
780.836	6
780.852	2
780.867	12
780.883	7
780.898	8
780.914	4
780.930	7
780.945	4
780.961	9
780.976	10
780.992	5
781.008	7
781.023	3
781.039	0
781.054	4
781.070	5
781.085	8
781.101	-4
781.117	9
781.132	10
781.148	2
781.163	9
781.179	5
781.194	10
781.210	3
781.226	1
781.241	-4
781.257	2
781.272	2
781.288	5
781.303	6
781.319	5
781.335	-4
781.350	9
781.366	11
781.381	7
781.397	7
781.412	9
781.428	6
781.443	9
781.459	-3
781.475	8
781.490	-2
781.506	5
781.521	4
781.537	5
781.552	14
781.568	-3
781.583	7
781.599	6
781.614	9
781.630	8
781.646	5
781.661	5
781.677	9
781.692	3
781.708	-1
781.723	8
781.739	9
781.754	7
781.770	3
781.785	10
781.801	12
781.816	3
781.832	15
781.848	3
781.863	3
781.879	5
781.894	1
781.910	2
781.925	7
781.941	8
781.956	-5
781.972	7
781.987	12
782.003	4
782.018	3
782.034	1
782.049	-6
782.065	4
782.080	5
782.096	1
782.111	7
782.127	10
782.142	7
782.158	0
782.173	13
782.189	5
782.204	14
782.220	3
782.235	7
782.251	17
782.266	1
782.282	7
782.297	11
782.313	11
782.328	9
782.344	9
782.359	-1
782.375	3
782.390	10
782.406	6
782.421	-1
782.437	6
782.452	6
782.468	2
782.483	-1
782.499	7
782.514	5
782.530	3
782.545	10
782.561	9
782.576	8
782.592	8
782.607	0
782.622	9
782.638	8
782.653	5
782.669	5
782.684	12
782.700	8
782.715	5
782.731	13
782.746	0
782.762	6
782.777	10
782.793	15
782.808	-1
782.824	13
782.839	7
782.854	6
782.870	5
782.885	14
782.901	3
782.916	7
782.932	2
782.947	4
782.963	3
782.978	13
782.993	-1
783.009	6
783.024	11
783.040	17
783.055	22
783.071	20
783.086	12
783.102	16
783.117	15
783.132	24
783.148	16
783.163	18
783.179	23
783.194	21
783.210	20
783.225	13
783.240	14
783.256	13
783.271	4
783.287	11
783.302	5
783.318	10
783.333	5
783.348	5
783.364	20
783.379	13
783.395	6
783.410	3
783.426	17
783.441	11
783.456	2
783.472	6
783.487	5
783.503	10
783.518	4
783.533	5
783.549	13
783.564	15
783.580	12
783.595	15
783.610	17
783.626	18
783.641	15
783.657	12
783.672	13
783.687	9
783.703	14
783.718	17
783.734	13
783.749	23
783.764	24
783.780	15
783.795	22
783.811	14
783.826	17
783.841	17
783.857	22
783.872	33
783.888	27
783.903	41
783.918	21
783.934	18
783.949	14
783.964	18
783.980	27
783.995	33
784.011	40
784.026	44
784.041	44
784.057	52
784.072	47
784.087	33
784.103	31
784.118	38
784.134	35
784.149	16
784.164	7
784.180	10
784.195	9
784.210	21
784.226	21
784.241	24
784.256	21
784.272	28
784.287	24
784.302	30
784.318	32
784.333	37
784.349	20
784.364	21
784.379	13
784.395	15
784.410	18
784.425	19
784.441	18
784.456	7
784.471	14
784.487	17
784.502	20
784.517	19
784.533	14
784.548	30
784.563	25
784.579	26
784.594	17
784.609	23
784.625	12
784.640	10
784.655	15
784.671	30
784.686	28
784.701	19
784.717	17
784.732	17
784.747	23
784.763	21
784.778	14
784.793	18
784.809	21
784.824	20
784.839	24
784.854	15
784.870	10
784.885	13
784.900	21
784.916	16
784.931	21
784.946	8
784.962	21
784.977	23
784.992	4
785.008	9
785.023	16
785.038	19
785.053	17
785.069	16
785.084	18
785.099	19
785.115	17
785.130	9
785.145	24
785.161	29
785.176	15
785.191	8
785.206	17
785.222	11
785.237	26
785.252	8
785.268	13
785.283	9
785.298	21
785.313	17
785.329	17
785.344	8
785.359	12
785.375	11
785.390	18
785.405	10
785.420	19
785.436	9
785.451	14
785.466	8
785.481	20
785.497	18
785.512	14
785.527	12
785.543	7
785.558	10
785.573	17
785.588	12
785.604	24
785.619	17
785.634	14
785.649	30
785.665	18
785.680	18
785.695	12
785.710	8
785.726	19
785.741	13
785.756	28
785.771	16
785.787	11
785.802	5
785.817	21
785.832	9
785.848	10
785.863	24
785.878	17
785.893	16
785.909	15
785.924	23
785.939	8
785.954	14
785.970	23
785.985	18
786.000	17
786.015	17
786.030	11
786.046	11
786.061	14
786.076	22
786.091	10
786.107	13
786.122	11
786.137	7
786.152	14
786.168	11
786.183	8
786.198	5
786.213	19
786.228	10
786.244	14
786.259	15
786.274	14
786.289	10
786.304	13
786.320	5
786.335	13
786.350	14
786.365	18
786.381	10
786.396	10
786.411	12
786.426	9
786.441	16
786.457	4
786.472	12
786.487	6
786.502	14
786.517	7
786.533	15
786.548	8
786.563	8
786.578	9
786.593	9
786.608	15
786.624	16
786.639	16
786.654	13
786.669	20
786.684	3
786.700	10
786.715	13
786.730	15
786.745	14
786.760	15
786.775	11
786.791	16
786.806	10
786.821	8
786.836	4
786.851	15
786.867	12
786.882	4
786.897	15
786.912	8
786.927	10
786.942	2
786.958	10
786.973	14
786.988	10
787.003	8
787.018	3
787.033	3
787.049	7
787.064	3
787.079	16
787.094	7
787.109	9
787.124	13
787.139	1
787.155	18
787.170	11
787.185	8
787.200	8
787.215	5
787.230	7
787.245	5
787.261	8
787.276	17
787.291	5
787.306	16
787.321	13
787.336	7
787.351	4
787.367	13
787.382	10
787.397	-1
787.412	3
787.427	2
787.442	7
787.457	9
787.472	8
787.488	5
787.503	4
787.518	-2
787.533	3
787.548	6
787.563	1
787.578	13
787.593	13
787.609	12
787.624	16
787.639	13
787.654	21
787.669	7
787.684	9
787.699	17
787.714	15
787.730	20
787.745	23
787.760	25
787.775	17
787.790	29
787.805	22
787.820	18
787.835	14
787.850	26
787.865	16
