771.850	11
771.866	10
771.883	11
771.899	16
771.915	15
771.931	16
771.947	10
771.964	21
771.980	17
771.996	12
772.012	14
772.028	11
772.045	13
772.061	9
772.077	12
772.093	19
772.109	15
772.126	16
772.142	9
772.158	13
772.174	9
772.190	16
772.206	19
772.223	14
772.239	16
772.255	10
772.271	16
772.287	21
772.304	14
772.320	5
772.336	15
772.352	7
772.368	17
772.384	18
772.401	7
772.417	10
772.433	17
772.449	17
772.465	11
772.482	14
772.498	1
772.514	9
772.530	12
772.546	25
772.562	18
772.579	16
772.595	17
772.611	11
772.627	17
772.643	12
772.659	11
772.675	6
772.692	8
772.708	10
772.724	15
772.740	14
772.756	14
772.772	12
772.789	11
772.805	14
772.821	17
772.837	12
772.853	10
772.869	17
772.885	13
772.902	7
772.918	12
772.934	17
772.950	17
772.966	16
772.982	18
772.998	8
773.015	12
773.031	22
773.047	22
773.063	20
773.079	8
773.095	23
773.111	6
773.127	19
773.144	17
773.160	16
773.176	14
773.192	13
773.208	16
773.224	21
773.240	9
773.256	13
773.272	20
773.289	15
773.305	17
773.321	17
773.337	21
773.353	5
773.369	15
773.385	9
773.401	13
773.417	16
773.434	10
773.450	10
773.466	16
773.482	23
773.498	24
773.514	17
773.530	22
773.546	25
773.562	19
773.579	23
773.595	15
773.611	16
773.627	20
773.643	18
773.659	15
773.675	10
773.691	14
773.707	13
773.723	10
773.739	23
773.755	18
773.772	16
773.788	18
773.804	10
773.820	9
773.836	11
773.852	21
773.868	12
773.884	18
773.900	22
773.916	24
773.932	13
773.948	24
773.964	23
773.981	13
773.997	19
774.013	21
774.029	7
774.045	15
774.061	20
774.077	16
774.093	19
774.109	15
774.125	19
774.141	19
774.157	11
774.173	13
774.189	7
774.205	3
774.221	13
774.237	12
774.254	2
774.270	16
774.286	15
774.302	14
774.318	22
774.334	18
774.350	18
774.366	22
774.382	13
774.398	10
774.414	10
774.430	6
774.446	17
774.462	10
774.478	16
774.494	18
774.510	21
774.526	11
774.542	9
774.558	21
774.574	13
774.590	11
774.606	7
774.622	16
774.638	13
774.654	6
774.670	18
774.686	8
774.702	9
774.719	14
774.735	9
774.751	14
774.767	14
774.783	12
774.799	15
774.815	11
774.831	15
774.847	25
774.863	18
774.879	7
774.895	16
774.911	15
774.927	13
774.943	20
774.959	18
774.975	17
774.991	12
775.007	16
775.023	13
775.039	11
775.055	13
775.071	20
775.087	16
775.103	19
775.119	14
775.135	17
775.151	16
775.167	12
775.183	15
775.199	16
775.215	22
775.231	13
775.247	18
775.262	15
775.278	13
775.294	13
775.310	11
775.326	14
775.342	15
775.358	12
775.374	11
775.390	15
775.406	11
775.422	19
775.438	25
775.454	23
775.470	16
775.486	9
775.502	27
775.518	15
775.534	21
775.550	20
775.566	18
775.582	19
775.598	14
775.614	2
775.630	14
775.646	11
775.662	19
775.678	13
775.694	8
775.710	5
775.725	10
775.741	19
775.757	4
775.773	10
775.789	21
775.805	23
775.821	6
775.837	3
775.853	7
775.869	13
775.885	8
775.901	20
775.917	11
775.933	9
775.949	6
775.965	20
775.981	10
775.996	11
776.012	10
776.028	15
776.044	9
776.060	14
776.076	11
776.092	10
776.108	5
776.124	13
776.140	12
776.156	22
776.172	18
776.188	11
776.203	18
776.219	13
776.235	17
776.251	18
776.267	11
776.283	11
776.299	11
776.315	18
776.331	22
776.347	14
776.363	20
776.378	19
776.394	14
776.410	16
776.426	11
776.442	17
776.458	12
776.474	11
776.490	8
776.506	15
776.522	16
776.537	10
776.553	16
776.569	11
776.585	10
776.601	18
776.617	9
776.633	16
776.649	12
776.665	16
776.680	11
776.696	9
776.712	25
776.728	15
776.744	14
776.760	19
776.776	14
776.792	13
776.808	18
776.823	14
776.839	12
776.855	5
776.871	14
776.887	17
776.903	20
776.919	24
776.934	15
776.950	17
776.966	22
776.982	14
776.998	6
777.014	16
777.030	20
777.046	13
777.061	10
777.077	17
777.093	11
777.109	19
777.125	9
777.141	18
777.157	14
777.172	11
777.188	20
777.204	19
777.220	21
777.236	9
777.252	21
777.267	20
777.283	10
777.299	15
777.315	24
777.331	30
777.347	33
777.362	13
777.378	23
777.394	25
777.410	26
777.426	11
777.442	20
777.457	11
777.473	10
777.489	16
777.505	20
777.521	5
777.537	7
777.552	14
777.568	16
777.584	11
777.600	19
777.616	13
777.632	10
777.647	9
777.663	15
777.679	12
777.695	10
777.711	18
777.726	21
777.742	24
777.758	27
777.774	25
777.790	17
777.806	23
777.821	15
777.837	14
777.853	20
777.869	23
777.885	26
777.900	31
777.916	15
777.932	20
777.948	11
777.964	14
777.979	14
777.995	15
778.011	15
778.027	12
778.042	11
778.058	11
778.074	17
778.090	9
778.106	8
778.121	13
778.137	18
778.153	14
778.169	14
778.185	14
778.200	3
778.216	7
778.232	14
778.248	15
778.263	16
778.279	18
778.295	7
778.311	11
778.327	17
778.342	7
778.358	20
778.374	10
778.390	16
778.405	7
778.421	24
778.437	12
778.453	24
778.468	11
778.484	1
778.500	5
778.516	13
778.531	11
778.547	15
778.563	15
778.579	13
778.594	17
778.610	14
778.626	14
778.642	6
778.658	5
778.673	10
778.689	7
778.705	11
778.720	8
778.736	10
778.752	15
778.768	6
778.783	19
778.799	18
778.815	18
778.831	17
778.846	7
778.862	16
778.878	13
778.894	12
778.909	13
778.925	27
778.941	20
778.957	23
778.972	6
778.988	25
779.004	11
779.019	5
779.035	9
779.051	17
779.067	19
779.082	25
779.098	14
779.114	19
779.129	9
779.145	18
779.161	21
779.177	12
779.192	12
779.208	17
779.224	18
779.239	13
779.255	12
779.271	16
779.287	18
779.302	12
779.318	14
779.334	12
779.349	10
779.365	10
779.381	7
779.396	10
779.412	14
779.428	14
779.444	7
779.459	19
779.475	10
779.491	14
779.506	10
779.522	15
779.538	12
779.553	20
779.569	12
779.585	16
779.600	14
779.616	7
779.632	13
779.647	7
779.663	16
779.679	16
779.695	16
779.710	12
779.726	12
779.742	19
779.757	10
779.773	17
779.789	16
779.804	19
779.820	24
779.836	28
779.851	7
779.867	5
779.883	7
779.898	7
779.914	4
779.930	12
779.945	6
779.961	9
779.977	8
779.992	14
780.008	16
780.023	4
780.039	8
780.055	18
780.070	6
780.086	1
780.102	8
780.117	4
780.133	12
780.149	14
780.164	17
780.180	2
780.196	8
780.211	12
780.227	10
780.243	12
780.258	11
780.274	14
780.289	13
780.305	19
780.321	15
780.336	5
780.352	10
780.368	4
780.383	6
780.399	14
780.414	15
780.430	10
780.446	17
780.461	18
780.477	12
780.493	14
780.508	15
780.524	9
780.539	1
780.555	5
780.571	9
780.586	10
780.602	15
780.618	14
780.633	8
780.649	24
780.664	15
780.680	7
780.696	10
780.711	10
780.727	21
780.742	12
780.758	25
780.774	14
780.789	17
780.805	13
780.820	12
780.836	15
780.852	16
780.867	11
780.883	20
780.898	15
780.914	16
780.930	11
780.945	14
780.961	18
780.976	10
780.992	11
781.008	18
781.023	14
781.039	11
781.054	15
781.070	18
781.085	20
781.101	8
781.117	18
781.132	18
781.148	2
781.163	15
781.179	17
781.194	22
781.210	14
781.226	7
781.241	7
781.257	11
781.272	14
781.288	9
781.303	22
781.319	14
781.335	7
781.350	24
781.366	18
781.381	20
781.397	20
781.412	21
781.428	16
781.443	14
781.459	20
781.475	14
781.490	14
781.506	13
781.521	8
781.537	16
781.552	21
781.568	14
781.583	11
781.599	21
781.614	13
781.630	18
781.646	13
781.661	16
781.677	15
781.692	13
781.708	11
781.723	15
781.739	18
781.754	12
781.770	12
781.785	6
781.801	19
781.816	13
781.832	19
781.848	15
781.863	23
781.879	18
781.894	21
781.910	18
781.925	17
781.941	20
781.956	20
781.972	17
781.987	8
782.003	16
782.018	13
782.034	13
782.049	13
782.065	17
782.080	18
782.096	13
782.111	32
782.127	16
782.142	18
782.158	37
782.173	24
782.189	14
782.204	24
782.220	17
782.235	14
782.251	20
782.266	24
782.282	30
782.297	22
782.313	23
782.328	11
782.344	16
782.359	11
782.375	16
782.390	16
782.406	14
782.421	16
782.437	15
782.452	14
782.468	22
782.483	19
782.499	23
782.514	19
782.530	15
782.545	17
782.561	12
782.576	13
782.592	17
782.607	14
782.622	18
782.638	11
782.653	16
782.669	14
782.684	22
782.700	25
782.715	24
782.731	29
782.746	19
782.762	18
782.777	20
782.793	43
782.808	17
782.824	27
782.839	13
782.854	20
782.870	14
782.885	22
782.901	24
782.916	19
782.932	12
782.947	10
782.963	17
782.978	18
782.993	15
783.009	11
783.024	27
783.040	38
783.055	46
783.071	44
783.086	48
783.102	63
783.117	61
783.132	69
783.148	60
783.163	79
783.179	78
783.194	70
783.210	62
783.225	42
783.240	41
783.256	38
783.271	22
783.287	28
783.302	24
783.318	30
783.333	23
783.348	19
783.364	40
783.379	28
783.395	26
783.410	21
783.426	35
783.441	26
783.456	10
783.472	11
783.487	15
783.503	20
783.518	25
783.533	17
783.549	37
783.564	40
783.580	56
783.595	53
783.610	50
783.626	49
783.641	29
783.657	28
783.672	27
783.687	15
783.703	18
783.718	32
783.734	52
783.749	57
783.764	48
783.780	42
783.795	47
783.811	31
783.826	39
783.841	46
783.857	47
783.872	67
783.888	80
783.903	82
783.918	72
783.934	46
783.949	25
783.964	22
783.980	42
783.995	61
784.011	66
784.026	52
784.041	39
784.057	20
784.072	17
784.087	10
784.103	36
784.118	50
784.134	55
784.149	34
784.164	30
784.180	18
784.195	23
784.210	50
784.226	57
784.241	55
784.256	36
784.272	35
784.287	26
784.302	27
784.318	40
784.333	54
784.349	49
784.364	23
784.379	19
784.395	29
784.410	38
784.425	31
784.441	18
784.456	14
784.471	30
784.487	39
784.502	46
784.517	37
784.533	23
784.548	36
784.563	46
784.579	42
784.594	46
784.609	57
784.625	48
784.640	40
784.655	31
784.671	57
784.686	58
784.701	54
784.717	29
784.732	37
784.747	49
784.763	52
784.778	41
784.793	32
784.809	40
784.824	52
784.839	63
784.854	47
784.870	26
784.885	41
784.900	67
784.916	58
784.931	38
784.946	22
784.962	52
784.977	58
784.992	30
785.008	16
785.023	40
785.038	52
785.053	21
785.069	16
785.084	48
785.099	55
785.115	39
785.130	12
785.145	44
785.161	71
785.176	28
785.191	13
785.206	43
785.222	43
785.237	42
785.252	13
785.268	38
785.283	30
785.298	35
785.313	31
785.329	46
785.344	28
785.359	28
785.375	25
785.390	47
785.405	25
785.420	45
785.436	37
785.451	38
785.466	29
785.481	33
785.497	42
785.512	24
785.527	19
785.543	27
785.558	19
785.573	22
785.588	37
785.604	42
785.619	24
785.634	20
785.649	56
785.665	40
785.680	24
785.695	23
785.710	26
785.726	59
785.741	53
785.756	72
785.771	29
785.787	39
785.802	34
785.817	34
785.832	31
785.848	23
785.863	61
785.878	56
785.893	60
785.909	43
785.924	57
785.939	35
785.954	35
785.970	54
785.985	47
786.000	52
786.015	33
786.030	25
786.046	33
786.061	27
786.076	55
786.091	28
786.107	42
786.122	35
786.137	27
786.152	38
786.168	29
786.183	23
786.198	16
786.213	33
786.228	23
786.244	37
786.259	33
786.274	31
786.289	33
786.304	27
786.320	20
786.335	21
786.350	36
786.365	37
786.381	21
786.396	38
786.411	40
786.426	26
786.441	54
786.457	35
786.472	28
786.487	44
786.502	27
786.517	19
786.533	25
786.548	35
786.563	23
786.578	26
786.593	35
786.608	33
786.624	37
786.639	50
786.654	32
786.669	47
786.684	28
786.700	27
786.715	51
786.730	48
786.745	35
786.760	47
786.775	27
786.791	34
786.806	34
786.821	31
786.836	19
786.851	30
786.867	33
786.882	38
786.897	39
786.912	19
786.927	27
786.942	31
786.958	31
786.973	34
786.988	11
787.003	21
787.018	23
787.033	15
787.049	17
787.064	15
787.079	34
787.094	40
787.109	17
787.124	27
787.139	27
787.155	26
787.170	23
787.185	34
787.200	27
787.215	16
787.230	11
787.245	17
787.261	18
787.276	22
787.291	20
787.306	33
787.321	35
787.336	37
787.351	27
787.367	23
787.382	15
787.397	13
787.412	21
787.427	11
787.442	18
787.457	25
787.472	19
787.488	16
787.503	16
787.518	13
787.533	18
787.548	4
787.563	15
787.578	32
787.593	33
787.609	48
787.624	38
787.639	28
787.654	21
787.669	13
787.684	21
787.699	38
787.714	60
787.730	68
787.745	91
787.760	98
787.775	99
787.790	99
787.805	80
787.820	59
787.835	61
787.850	48
787.865	51
