771.850	11
771.866	9
771.883	-1
771.899	6
771.915	7
771.931	-1
771.947	10
771.964	4
771.980	7
771.996	7
772.012	4
772.028	7
772.045	-4
772.061	14
772.077	7
772.093	7
772.109	6
772.126	5
772.142	1
772.158	4
772.174	-3
772.190	4
772.206	14
772.223	5
772.239	10
772.255	-1
772.271	5
772.287	8
772.304	10
772.320	1
772.336	9
772.352	0
772.368	6
772.384	2
772.401	7
772.417	8
772.433	7
772.449	8
772.465	0
772.482	9
772.498	-3
772.514	6
772.530	5
772.546	12
772.562	4
772.579	5
772.595	4
772.611	4
772.627	3
772.643	2
772.659	10
772.675	5
772.692	-2
772.708	-5
772.724	5
772.740	10
772.756	2
772.772	4
772.789	7
772.805	-3
772.821	6
772.837	0
772.853	4
772.869	0
772.885	-1
772.902	-1
772.918	-4
772.934	9
772.950	3
772.966	5
772.982	9
772.998	2
773.015	-7
773.031	-2
773.047	7
773.063	13
773.079	2
773.095	5
773.111	3
773.127	12
773.144	4
773.160	3
773.176	3
773.192	1
773.208	0
773.224	9
773.240	1
773.256	8
773.272	2
773.289	6
773.305	4
773.321	10
773.337	10
773.353	-1
773.369	7
773.385	3
773.401	6
773.417	10
773.434	7
773.450	2
773.466	7
773.482	12
773.498	5
773.514	9
773.530	1
773.546	8
773.562	4
773.579	6
773.595	4
773.611	1
773.627	6
773.643	6
773.659	10
773.675	7
773.691	9
773.707	1
773.723	-3
773.739	5
773.755	9
773.772	1
773.788	7
773.804	2
773.820	2
773.836	-3
773.852	7
773.868	2
773.884	3
773.900	8
773.916	6
773.932	-1
773.948	10
773.964	18
773.981	0
773.997	6
774.013	3
774.029	0
774.045	2
774.061	6
774.077	4
774.093	8
774.109	-1
774.125	4
774.141	2
774.157	-11
774.173	3
774.189	5
774.205	-2
774.221	5
774.237	6
774.254	1
774.270	3
774.286	1
774.302	2
774.318	10
774.334	5
774.350	8
774.366	9
774.382	5
774.398	4
774.414	-1
774.430	4
774.446	7
774.462	2
774.478	7
774.494	8
774.510	7
774.526	3
774.542	4
774.558	8
774.574	7
774.590	3
774.606	-1
774.622	7
774.638	4
774.654	-1
774.670	3
774.686	-1
774.702	-1
774.719	12
774.735	6
774.751	6
774.767	5
774.783	5
774.799	3
774.815	7
774.831	6
774.847	12
774.863	4
774.879	3
774.895	5
774.911	6
774.927	0
774.943	12
774.959	6
774.975	8
774.991	6
775.007	11
775.023	0
775.039	3
775.055	9
775.071	4
775.087	0
775.103	7
775.119	9
775.135	1
775.151	6
775.167	-2
775.183	8
775.199	9
775.215	10
775.231	4
775.247	1
775.262	2
775.278	8
775.294	4
775.310	-1
775.326	2
775.342	-1
775.358	13
775.374	2
775.390	0
775.406	6
775.422	6
775.438	4
775.454	7
775.470	6
775.486	-1
775.502	8
775.518	0
775.534	5
775.550	7
775.566	9
775.582	0
775.598	4
775.614	0
775.630	4
775.646	7
775.662	6
775.678	1
775.694	5
775.710	5
775.725	1
775.741	2
775.757	7
775.773	3
775.789	9
775.805	4
775.821	3
775.837	4
775.853	-2
775.869	3
775.885	5
775.901	0
775.917	5
775.933	9
775.949	4
775.965	12
775.981	-2
775.996	1
776.012	3
776.028	11
776.044	4
776.060	1
776.076	-1
776.092	8
776.108	1
776.124	-1
776.140	8
776.156	15
776.172	-1
776.188	-1
776.203	6
776.219	0
776.235	9
776.251	1
776.267	3
776.283	8
776.299	5
776.315	8
776.331	7
776.347	3
776.363	7
776.378	6
776.394	14
776.410	5
776.426	1
776.442	6
776.458	3
776.474	11
776.490	4
776.506	6
776.522	7
776.537	2
776.553	6
776.569	6
776.585	4
776.601	12
776.617	-1
776.633	7
776.649	3
776.665	11
776.680	0
776.696	-4
776.712	3
776.728	6
776.744	6
776.760	13
776.776	8
776.792	-1
776.808	5
776.823	6
776.839	1
776.855	1
776.871	0
776.887	5
776.903	7
776.919	9
776.934	8
776.950	5
776.966	11
776.982	4
776.998	3
777.014	8
777.030	3
777.046	6
777.061	2
777.077	10
777.093	3
777.109	10
777.125	5
777.141	7
777.157	7
777.172	1
777.188	7
777.204	2
777.220	7
777.236	0
777.252	-1
777.267	3
777.283	4
777.299	0
777.315	17
777.331	11
777.347	11
777.362	7
777.378	8
777.394	7
777.410	2
777.426	5
777.442	10
777.457	6
777.473	-3
777.489	4
777.505	13
777.521	1
777.537	0
777.552	4
777.568	4
777.584	-2
777.600	9
777.616	-2
777.632	2
777.647	6
777.663	6
777.679	7
777.695	-3
777.711	0
777.726	6
777.742	11
777.758	5
777.774	7
777.790	8
777.806	9
777.821	3
777.837	6
777.853	3
777.869	9
777.885	12
777.900	8
777.916	3
777.932	8
777.948	5
777.964	7
777.979	6
777.995	6
778.011	8
778.027	5
778.042	4
778.058	1
778.074	2
778.090	2
778.106	1
778.121	8
778.137	9
778.153	6
778.169	11
778.185	4
778.200	5
778.216	3
778.232	5
778.248	4
778.263	2
778.279	13
778.295	-3
778.311	6
778.327	6
778.342	-3
778.358	6
778.374	3
778.390	5
778.405	4
778.421	11
778.437	6
778.453	9
778.468	9
778.484	-5
778.500	-1
778.516	2
778.531	-1
778.547	10
778.563	4
778.579	2
778.594	10
778.610	7
778.626	10
778.642	-3
778.658	0
778.673	2
778.689	3
778.705	2
778.720	-4
778.736	3
778.752	3
778.768	-4
778.783	3
778.799	14
778.815	2
778.831	9
778.846	0
778.862	2
778.878	2
778.894	5
778.909	8
778.925	9
778.941	12
778.957	5
778.972	4
778.988	12
779.004	-3
779.019	4
779.035	1
779.051	7
779.067	11
779.082	5
779.098	0
779.114	3
779.129	-2
779.145	12
779.161	7
779.177	1
779.192	6
779.208	6
779.224	4
779.239	3
779.255	5
779.271	6
779.287	9
779.302	4
779.318	4
779.334	9
779.349	-1
779.365	5
779.381	-6
779.396	1
779.412	3
779.428	0
779.444	-8
779.459	8
779.475	2
779.491	4
779.506	2
779.522	6
779.538	8
779.553	8
779.569	3
779.585	1
779.600	9
779.616	-1
779.632	3
779.647	3
779.663	-4
779.679	9
779.695	6
779.710	1
779.726	-7
779.742	3
779.757	4
779.773	6
779.789	12
779.804	8
779.820	15
779.836	8
779.851	1
779.867	2
779.883	1
779.898	2
779.914	13
779.930	8
779.945	5
779.961	1
779.977	0
779.992	4
780.008	10
780.023	1
780.039	7
780.055	6
780.070	-3
780.086	-2
780.102	3
780.117	4
780.133	2
780.149	8
780.164	7
780.180	0
780.196	6
780.211	-1
780.227	-1
780.243	2
780.258	2
780.274	0
780.289	5
780.305	3
780.321	7
780.336	-1
780.352	4
780.368	0
780.383	-4
780.399	2
780.414	2
780.430	5
780.446	12
780.461	2
780.477	-2
780.493	2
780.508	5
780.524	2
780.539	6
780.555	-1
780.571	4
780.586	5
780.602	6
780.618	11
780.633	1
780.649	10
780.664	7
780.680	0
780.696	-1
780.711	-2
780.727	12
780.742	0
780.758	12
780.774	8
780.789	9
780.805	0
780.820	6
780.836	2
780.852	7
780.867	9
780.883	9
780.898	11
780.914	-1
780.930	5
780.945	5
780.961	5
780.976	6
780.992	6
781.008	5
781.023	6
781.039	3
781.054	8
781.070	8
781.085	9
781.101	0
781.117	6
781.132	8
781.148	0
781.163	12
781.179	0
781.194	9
781.210	5
781.226	1
781.241	2
781.257	1
781.272	6
781.288	0
781.303	9
781.319	9
781.335	3
781.350	3
781.366	8
781.381	2
781.397	9
781.412	2
781.428	8
781.443	6
781.459	2
781.475	6
781.490	1
781.506	3
781.521	4
781.537	5
781.552	6
781.568	9
781.583	3
781.599	6
781.614	4
781.630	3
781.646	5
781.661	4
781.677	2
781.692	0
781.708	2
781.723	8
781.739	4
781.754	5
781.770	4
781.785	2
781.801	9
781.816	1
781.832	12
781.848	6
781.863	4
781.879	11
781.894	5
781.910	11
781.925	4
781.941	10
781.956	1
781.972	5
781.987	7
782.003	6
782.018	-1
782.034	8
782.049	4
782.065	9
782.080	2
782.096	8
782.111	8
782.127	9
782.142	11
782.158	8
782.173	6
782.189	1
782.204	6
782.220	4
782.235	9
782.251	15
782.266	3
782.282	5
782.297	7
782.313	8
782.328	2
782.344	4
782.359	-3
782.375	2
782.390	7
782.406	5
782.421	5
782.437	11
782.452	4
782.468	8
782.483	3
782.499	7
782.514	2
782.530	3
782.545	6
782.561	1
782.576	2
782.592	9
782.607	4
782.622	5
782.638	3
782.653	10
782.669	4
782.684	16
782.700	5
782.715	0
782.731	12
782.746	5
782.762	8
782.777	6
782.793	10
782.808	2
782.824	18
782.839	0
782.854	6
782.870	3
782.885	12
782.901	6
782.916	8
782.932	-1
782.947	6
782.963	5
782.978	12
782.993	-1
783.009	4
783.024	8
783.040	15
783.055	7
783.071	18
783.086	16
783.102	19
783.117	20
783.132	18
783.148	21
783.163	19
783.179	25
783.194	15
783.210	20
783.225	17
783.240	7
783.256	15
783.271	4
783.287	14
783.302	3
783.318	13
783.333	7
783.348	5
783.364	15
783.379	10
783.395	6
783.410	4
783.426	10
783.441	2
783.456	-1
783.472	1
783.487	9
783.503	11
783.518	3
783.533	4
783.549	17
783.564	21
783.580	16
783.595	18
783.610	16
783.626	17
783.641	1
783.657	-2
783.672	12
783.687	5
783.703	9
783.718	9
783.734	18
783.749	19
783.764	20
783.780	11
783.795	18
783.811	17
783.826	18
783.841	9
783.857	15
783.872	27
783.888	28
783.903	28
783.918	23
783.934	15
783.949	10
783.964	4
783.980	18
783.995	19
784.011	22
784.026	20
784.041	11
784.057	13
784.072	13
784.087	-2
784.103	15
784.118	22
784.134	17
784.149	12
784.164	10
784.180	-1
784.195	4
784.210	19
784.226	23
784.241	9
784.256	16
784.272	9
784.287	8
784.302	6
784.318	13
784.333	17
784.349	13
784.364	7
784.379	4
784.395	-1
784.410	6
784.425	11
784.441	9
784.456	7
784.471	16
784.487	12
784.502	26
784.517	13
784.533	6
784.548	18
784.563	18
784.579	18
784.594	9
784.609	18
784.625	5
784.640	0
784.655	13
784.671	21
784.686	22
784.701	7
784.717	4
784.732	10
784.747	10
784.763	16
784.778	15
784.793	16
784.809	13
784.824	11
784.839	15
784.854	12
784.870	7
784.885	13
784.900	27
784.916	12
784.931	16
784.946	4
784.962	16
784.977	15
784.992	6
785.008	0
785.023	15
785.038	20
785.053	11
785.069	3
785.084	19
785.099	14
785.115	16
785.130	0
785.145	22
785.161	29
785.176	9
785.191	2
785.206	10
785.222	15
785.237	14
785.252	1
785.268	17
785.283	3
785.298	18
785.313	10
785.329	13
785.344	4
785.359	6
785.375	3
785.390	10
785.405	7
785.420	14
785.436	2
785.451	10
785.466	6
785.481	15
785.497	15
785.512	10
785.527	11
785.543	5
785.558	7
785.573	7
785.588	5
785.604	20
785.619	8
785.634	5
785.649	16
785.665	12
785.680	16
785.695	5
785.710	14
785.726	10
785.741	16
785.756	27
785.771	6
785.787	10
785.802	12
785.817	21
785.832	9
785.848	2
785.863	19
785.878	13
785.893	18
785.909	4
785.924	25
785.939	17
785.954	17
785.970	14
785.985	9
786.000	17
786.015	10
786.030	8
786.046	14
786.061	10
786.076	8
786.091	8
786.107	9
786.122	6
786.137	1
786.152	11
786.168	16
786.183	10
786.198	5
786.213	9
786.228	8
786.244	18
786.259	15
786.274	15
786.289	11
786.304	8
786.320	4
786.335	13
786.350	13
786.365	11
786.381	4
786.396	10
786.411	10
786.426	3
786.441	18
786.457	5
786.472	8
786.487	12
786.502	6
786.517	7
786.533	10
786.548	10
786.563	4
786.578	3
786.593	10
786.608	18
786.624	20
786.639	8
786.654	14
786.669	17
786.684	3
786.700	7
786.715	11
786.730	10
786.745	15
786.760	16
786.775	6
786.791	10
786.806	10
786.821	7
786.836	0
786.851	12
786.867	6
786.882	12
786.897	15
786.912	8
786.927	8
786.942	12
786.958	14
786.973	13
786.988	3
787.003	11
787.018	8
787.033	3
787.049	8
787.064	-1
787.079	9
787.094	14
787.109	5
787.124	1
787.139	6
787.155	18
787.170	7
787.185	9
787.200	3
787.215	1
787.230	-1
787.245	9
787.261	9
787.276	14
787.291	7
787.306	8
787.321	13
787.336	7
787.351	13
787.367	13
787.382	2
787.397	0
787.412	1
787.427	5
787.442	-3
787.457	6
787.472	13
787.488	0
787.503	4
787.518	5
787.533	-2
787.548	5
787.563	2
787.578	6
787.593	13
787.609	14
787.624	19
787.639	3
787.654	9
787.669	3
787.684	6
787.699	7
787.714	20
787.730	16
787.745	27
787.760	28
787.775	27
787.790	25
787.805	26
787.820	24
787.835	17
787.850	23
787.865	22
