771.850	11
771.866	17
771.883	11
771.899	17
771.915	10
771.931	15
771.947	15
771.964	23
771.980	18
771.996	7
772.012	12
772.028	11
772.045	15
772.061	16
772.077	9
772.093	18
772.109	17
772.126	24
772.142	16
772.158	20
772.174	11
772.190	13
772.206	13
772.223	14
772.239	17
772.255	12
772.271	26
772.287	18
772.304	16
772.320	5
772.336	16
772.352	12
772.368	15
772.384	17
772.401	12
772.417	14
772.433	25
772.449	13
772.465	17
772.482	15
772.498	7
772.514	15
772.530	11
772.546	25
772.562	17
772.579	20
772.595	18
772.611	16
772.627	13
772.643	14
772.659	16
772.675	15
772.692	9
772.708	6
772.724	11
772.740	16
772.756	9
772.772	10
772.789	15
772.805	12
772.821	18
772.837	19
772.853	13
772.869	11
772.885	14
772.902	6
772.918	13
772.934	18
772.950	17
772.966	18
772.982	23
772.998	8
773.015	12
773.031	14
773.047	19
773.063	23
773.079	11
773.095	20
773.111	15
773.127	22
773.144	18
773.160	20
773.176	12
773.192	10
773.208	8
773.224	21
773.240	11
773.256	17
773.272	14
773.289	15
773.305	24
773.321	16
773.337	17
773.353	12
773.369	10
773.385	10
773.401	18
773.417	13
773.434	22
773.450	14
773.466	20
773.482	23
773.498	18
773.514	19
773.530	16
773.546	21
773.562	16
773.579	21
773.595	17
773.611	14
773.627	21
773.643	12
773.659	17
773.675	9
773.691	11
773.707	15
773.723	15
773.739	14
773.755	21
773.772	15
773.788	18
773.804	11
773.820	12
773.836	10
773.852	21
773.868	14
773.884	19
773.900	25
773.916	25
773.932	7
773.948	26
773.964	19
773.981	13
773.997	19
774.013	21
774.029	12
774.045	12
774.061	18
774.077	15
774.093	17
774.109	17
774.125	10
774.141	14
774.157	8
774.173	14
774.189	12
774.205	10
774.221	10
774.237	13
774.254	11
774.270	18
774.286	18
774.302	9
774.318	24
774.334	18
774.350	18
774.366	22
774.382	8
774.398	11
774.414	4
774.430	12
774.446	16
774.462	15
774.478	19
774.494	15
774.510	18
774.526	14
774.542	12
774.558	18
774.574	8
774.590	12
774.606	17
774.622	12
774.638	19
774.654	2
774.670	10
774.686	18
774.702	12
774.719	14
774.735	13
774.751	14
774.767	14
774.783	9
774.799	15
774.815	13
774.831	13
774.847	19
774.863	14
774.879	13
774.895	17
774.911	9
774.927	14
774.943	14
774.959	16
774.975	16
774.991	18
775.007	16
775.023	10
775.039	14
775.055	10
775.071	16
775.087	8
775.103	21
775.119	22
775.135	21
775.151	18
775.167	14
775.183	19
775.199	24
775.215	17
775.231	16
775.247	18
775.262	15
775.278	20
775.294	10
775.310	14
775.326	10
775.342	15
775.358	17
775.374	16
775.390	12
775.406	12
775.422	11
775.438	23
775.454	20
775.470	13
775.486	13
775.502	23
775.518	16
775.534	18
775.550	19
775.566	19
775.582	18
775.598	15
775.614	8
775.630	11
775.646	27
775.662	18
775.678	10
775.694	18
775.710	11
775.725	17
775.741	19
775.757	6
775.773	8
775.789	22
775.805	24
775.821	9
775.837	10
775.853	7
775.869	12
775.885	22
775.901	16
775.917	6
775.933	17
775.949	14
775.965	18
775.981	10
775.996	11
776.012	11
776.028	22
776.044	12
776.060	12
776.076	13
776.092	17
776.108	10
776.124	17
776.140	16
776.156	16
776.172	11
776.188	12
776.203	19
776.219	11
776.235	23
776.251	12
776.267	10
776.283	9
776.299	16
776.315	22
776.331	22
776.347	21
776.363	13
776.378	14
776.394	13
776.410	14
776.426	6
776.442	16
776.458	11
776.474	16
776.490	9
776.506	19
776.522	16
776.537	10
776.553	19
776.569	16
776.585	16
776.601	8
776.617	12
776.633	16
776.649	11
776.665	21
776.680	6
776.696	11
776.712	25
776.728	7
776.744	12
776.760	25
776.776	16
776.792	12
776.808	11
776.823	18
776.839	15
776.855	21
776.871	13
776.887	13
776.903	20
776.919	17
776.934	12
776.950	22
776.966	18
776.982	14
776.998	12
777.014	6
777.030	21
777.046	11
777.061	8
777.077	26
777.093	9
777.109	19
777.125	13
777.141	17
777.157	22
777.172	14
777.188	17
777.204	13
777.220	17
777.236	15
777.252	17
777.267	17
777.283	13
777.299	15
777.315	27
777.331	27
777.347	29
777.362	15
777.378	20
777.394	20
777.410	24
777.426	13
777.442	15
777.457	12
777.473	6
777.489	11
777.505	19
777.521	13
777.537	6
777.552	24
777.568	10
777.584	10
777.600	17
777.616	11
777.632	14
777.647	10
777.663	13
777.679	15
777.695	13
777.711	17
777.726	22
777.742	18
777.758	32
777.774	27
777.790	22
777.806	20
777.821	15
777.837	9
777.853	15
777.869	23
777.885	30
777.900	17
777.916	7
777.932	21
777.948	12
777.964	24
777.979	20
777.995	23
778.011	15
778.027	17
778.042	11
778.058	8
778.074	17
778.090	15
778.106	8
778.121	11
778.137	12
778.153	12
778.169	17
778.185	15
778.200	12
778.216	10
778.232	15
778.248	17
778.263	23
778.279	11
778.295	5
778.311	15
778.327	20
778.342	12
778.358	15
778.374	17
778.390	12
778.405	14
778.421	20
778.437	12
778.453	13
778.468	5
778.484	5
778.500	4
778.516	11
778.531	12
778.547	8
778.563	8
778.579	24
778.594	26
778.610	21
778.626	18
778.642	15
778.658	11
778.673	11
778.689	12
778.705	16
778.720	3
778.736	19
778.752	17
778.768	11
778.783	17
778.799	20
778.815	14
778.831	16
778.846	10
778.862	18
778.878	15
778.894	13
778.909	15
778.925	17
778.941	22
778.957	20
778.972	13
778.988	15
779.004	10
779.019	14
779.035	9
779.051	15
779.067	16
779.082	19
779.098	20
779.114	18
779.129	9
779.145	22
779.161	21
779.177	13
779.192	18
779.208	19
779.224	15
779.239	18
779.255	3
779.271	20
779.287	13
779.302	15
779.318	14
779.334	10
779.349	7
779.365	13
779.381	12
779.396	17
779.412	11
779.428	13
779.444	11
779.459	16
779.475	9
779.491	14
779.506	9
779.522	19
779.538	14
779.553	24
779.569	7
779.585	18
779.600	15
779.616	8
779.632	18
779.647	14
779.663	15
779.679	22
779.695	12
779.710	8
779.726	13
779.742	22
779.757	12
779.773	20
779.789	17
779.804	20
779.820	24
779.836	22
779.851	12
779.867	7
779.883	10
779.898	13
779.914	13
779.930	10
779.945	11
779.961	6
779.977	12
779.992	14
780.008	15
780.023	2
780.039	9
780.055	8
780.070	12
780.086	11
780.102	11
780.117	3
780.133	6
780.149	17
780.164	12
780.180	8
780.196	11
780.211	5
780.227	16
780.243	13
780.258	16
780.274	19
780.289	15
780.305	14
780.321	16
780.336	9
780.352	12
780.368	10
780.383	7
780.399	11
780.414	16
780.430	14
780.446	14
780.461	15
780.477	17
780.493	9
780.508	13
780.524	17
780.539	13
780.555	3
780.571	8
780.586	14
780.602	12
780.618	30
780.633	5
780.649	14
780.664	10
780.680	9
780.696	15
780.711	13
780.727	16
780.742	10
780.758	22
780.774	21
780.789	19
780.805	14
780.820	12
780.836	18
780.852	14
780.867	20
780.883	22
780.898	19
780.914	12
780.930	14
780.945	19
780.961	10
780.976	14
780.992	7
781.008	23
781.023	9
781.039	17
781.054	10
781.070	16
781.085	19
781.101	5
781.117	18
781.132	22
781.148	7
781.163	28
781.179	19
781.194	17
781.210	12
781.226	9
781.241	11
781.257	8
781.272	10
781.288	10
781.303	14
781.319	16
781.335	14
781.350	21
781.366	22
781.381	12
781.397	18
781.412	19
781.428	19
781.443	14
781.459	14
781.475	18
781.490	9
781.506	10
781.521	19
781.537	14
781.552	22
781.568	15
781.583	21
781.599	11
781.614	17
781.630	19
781.646	17
781.661	17
781.677	14
781.692	11
781.708	7
781.723	22
781.739	16
781.754	16
781.770	12
781.785	15
781.801	11
781.816	12
781.832	28
781.848	14
781.863	24
781.879	19
781.894	17
781.910	12
781.925	18
781.941	18
781.956	10
781.972	17
781.987	15
782.003	13
782.018	16
782.034	15
782.049	13
782.065	23
782.080	20
782.096	21
782.111	35
782.127	28
782.142	33
782.158	26
782.173	18
782.189	16
782.204	26
782.220	21
782.235	19
782.251	24
782.266	21
782.282	21
782.297	15
782.313	24
782.328	17
782.344	16
782.359	10
782.375	11
782.390	18
782.406	14
782.421	21
782.437	21
782.452	16
782.468	27
782.483	15
782.499	16
782.514	13
782.530	11
782.545	21
782.561	14
782.576	24
782.592	11
782.607	15
782.622	22
782.638	12
782.653	13
782.669	16
782.684	31
782.700	26
782.715	15
782.731	30
782.746	19
782.762	14
782.777	20
782.793	37
782.808	25
782.824	23
782.839	14
782.854	15
782.870	13
782.885	29
782.901	19
782.916	17
782.932	14
782.947	18
782.963	20
782.978	17
782.993	17
783.009	18
783.024	37
783.040	40
783.055	51
783.071	46
783.086	56
783.102	60
783.117	63
783.132	76
783.148	74
783.163	76
783.179	76
783.194	69
783.210	60
783.225	43
783.240	39
783.256	35
783.271	25
783.287	28
783.302	22
783.318	29
783.333	25
783.348	29
783.364	36
783.379	30
783.395	28
783.410	26
783.426	37
783.441	22
783.456	13
783.472	16
783.487	18
783.503	25
783.518	20
783.533	17
783.549	42
783.564	43
783.580	58
783.595	58
783.610	57
783.626	40
783.641	28
783.657	30
783.672	29
783.687	24
783.703	24
783.718	37
783.734	48
783.749	59
783.764	61
783.780	47
783.795	53
783.811	35
783.826	40
783.841	45
783.857	46
783.872	74
783.888	79
783.903	80
783.918	66
783.934	43
783.949	25
783.964	23
783.980	52
783.995	61
784.011	59
784.026	57
784.041	39
784.057	31
784.072	26
784.087	20
784.103	38
784.118	55
784.134	58
784.149	37
784.164	25
784.180	15
784.195	29
784.210	57
784.226	54
784.241	52
784.256	35
784.272	32
784.287	18
784.302	36
784.318	45
784.333	64
784.349	48
784.364	20
784.379	16
784.395	27
784.410	31
784.425	29
784.441	15
784.456	10
784.471	34
784.487	50
784.502	42
784.517	39
784.533	32
784.548	45
784.563	51
784.579	44
784.594	48
784.609	51
784.625	38
784.640	35
784.655	36
784.671	55
784.686	68
784.701	47
784.717	37
784.732	39
784.747	56
784.763	56
784.778	39
784.793	40
784.809	52
784.824	54
784.839	62
784.854	37
784.870	27
784.885	60
784.900	79
784.916	53
784.931	26
784.946	27
784.962	68
784.977	50
784.992	29
785.008	20
785.023	40
785.038	40
785.053	22
785.069	17
785.084	59
785.099	51
785.115	23
785.130	16
785.145	50
785.161	67
785.176	26
785.191	19
785.206	38
785.222	52
785.237	42
785.252	20
785.268	34
785.283	37
785.298	32
785.313	37
785.329	40
785.344	25
785.359	24
785.375	31
785.390	46
785.405	33
785.420	38
785.436	36
785.451	34
785.466	36
785.481	36
785.497	36
785.512	30
785.527	35
785.543	27
785.558	26
785.573	31
785.588	38
785.604	33
785.619	27
785.634	25
785.649	61
785.665	38
785.680	25
785.695	17
785.710	27
785.726	55
785.741	57
785.756	61
785.771	25
785.787	37
785.802	30
785.817	41
785.832	23
785.848	20
785.863	69
785.878	50
785.893	75
785.909	41
785.924	51
785.939	30
785.954	31
785.970	52
785.985	41
786.000	51
786.015	46
786.030	32
786.046	36
786.061	37
786.076	50
786.091	32
786.107	37
786.122	31
786.137	24
786.152	46
786.168	32
786.183	26
786.198	22
786.213	34
786.228	25
786.244	29
786.259	42
786.274	35
786.289	40
786.304	29
786.320	24
786.335	23
786.350	25
786.365	39
786.381	26
786.396	34
786.411	46
786.426	36
786.441	54
786.457	24
786.472	31
786.487	48
786.502	17
786.517	19
786.533	27
786.548	32
786.563	16
786.578	18
786.593	39
786.608	37
786.624	51
786.639	40
786.654	37
786.669	41
786.684	28
786.700	32
786.715	46
786.730	37
786.745	43
786.760	51
786.775	26
786.791	37
786.806	41
786.821	26
786.836	19
786.851	31
786.867	23
786.882	42
786.897	40
786.912	31
786.927	29
786.942	25
786.958	33
786.973	32
786.988	28
787.003	28
787.018	25
787.033	16
787.049	26
787.064	19
787.079	34
787.094	37
787.109	20
787.124	26
787.139	22
787.155	35
787.170	35
787.185	22
787.200	25
787.215	15
787.230	17
787.245	20
787.261	24
787.276	28
787.291	18
787.306	34
787.321	30
787.336	32
787.351	28
787.367	38
787.382	12
787.397	10
787.412	23
787.427	19
787.442	22
787.457	24
787.472	13
787.488	26
787.503	18
787.518	14
787.533	10
787.548	18
787.563	30
787.578	27
787.593	47
787.609	48
787.624	31
787.639	25
787.654	36
787.669	20
787.684	23
787.699	38
787.714	53
787.730	72
787.745	102
787.760	121
787.775	102
787.790	113
787.805	86
787.820	66
787.835	56
787.850	48
787.865	60
