771.850	17
771.866	18
771.883	17
771.899	20
771.915	31
771.931	19
771.947	18
771.964	24
771.980	23
771.996	16
772.012	22
772.028	19
772.045	12
772.061	22
772.077	16
772.093	26
772.109	30
772.126	20
772.142	17
772.158	25
772.174	20
772.190	18
772.206	21
772.223	19
772.239	20
772.255	13
772.271	21
772.287	24
772.304	20
772.320	6
772.336	18
772.352	24
772.368	22
772.384	20
772.401	19
772.417	26
772.433	30
772.449	9
772.465	17
772.482	18
772.498	15
772.514	15
772.530	19
772.546	34
772.562	22
772.579	25
772.595	19
772.611	13
772.627	15
772.643	17
772.659	16
772.675	24
772.692	12
772.708	10
772.724	16
772.740	21
772.756	25
772.772	25
772.789	21
772.805	20
772.821	23
772.837	18
772.853	13
772.869	14
772.885	18
772.902	18
772.918	11
772.934	21
772.950	27
772.966	20
772.982	29
772.998	14
773.015	11
773.031	21
773.047	27
773.063	25
773.079	15
773.095	23
773.111	17
773.127	30
773.144	16
773.160	21
773.176	19
773.192	22
773.208	21
773.224	18
773.240	24
773.256	24
773.272	17
773.289	17
773.305	27
773.321	22
773.337	29
773.353	11
773.369	21
773.385	20
773.401	23
773.417	21
773.434	17
773.450	20
773.466	26
773.482	25
773.498	28
773.514	31
773.530	30
773.546	33
773.562	32
773.579	37
773.595	29
773.611	23
773.627	29
773.643	17
773.659	19
773.675	23
773.691	26
773.707	20
773.723	14
773.739	34
773.755	22
773.772	21
773.788	22
773.804	16
773.820	19
773.836	21
773.852	27
773.868	16
773.884	20
773.900	34
773.916	29
773.932	25
773.948	38
773.964	29
773.981	19
773.997	26
774.013	34
774.029	8
774.045	13
774.061	20
774.077	25
774.093	25
774.109	24
774.125	19
774.141	21
774.157	14
774.173	17
774.189	13
774.205	17
774.221	10
774.237	13
774.254	13
774.270	17
774.286	15
774.302	17
774.318	27
774.334	24
774.350	23
774.366	25
774.382	17
774.398	11
774.414	12
774.430	15
774.446	24
774.462	17
774.478	21
774.494	22
774.510	24
774.526	22
774.542	18
774.558	24
774.574	15
774.590	17
774.606	14
774.622	20
774.638	14
774.654	16
774.670	8
774.686	13
774.702	18
774.719	23
774.735	13
774.751	16
774.767	20
774.783	14
774.799	21
774.815	20
774.831	20
774.847	27
774.863	20
774.879	12
774.895	20
774.911	19
774.927	15
774.943	21
774.959	24
774.975	22
774.991	19
775.007	26
775.023	22
775.039	15
775.055	17
775.071	19
775.087	18
775.103	21
775.119	25
775.135	20
775.151	29
775.167	17
775.183	32
775.199	26
775.215	22
775.231	17
775.247	25
775.262	17
775.278	24
775.294	20
775.310	20
775.326	16
775.342	19
775.358	25
775.374	13
775.390	13
775.406	14
775.422	23
775.438	28
775.454	29
775.470	22
775.486	18
775.502	29
775.518	24
775.534	31
775.550	27
775.566	26
775.582	19
775.598	21
775.614	10
775.630	22
775.646	24
775.662	20
775.678	20
775.694	24
775.710	13
775.725	15
775.741	25
775.757	13
775.773	11
775.789	22
775.805	22
775.821	13
775.837	12
775.853	11
775.869	22
775.885	27
775.901	26
775.917	13
775.933	21
775.949	18
775.965	23
775.981	16
775.996	8
776.012	16
776.028	28
776.044	12
776.060	18
776.076	18
776.092	16
776.108	12
776.124	13
776.140	20
776.156	27
776.172	21
776.188	17
776.203	19
776.219	22
776.235	28
776.251	19
776.267	14
776.283	16
776.299	13
776.315	27
776.331	26
776.347	18
776.363	21
776.378	25
776.394	21
776.410	14
776.426	13
776.442	18
776.458	11
776.474	27
776.490	17
776.506	18
776.522	21
776.537	14
776.553	22
776.569	25
776.585	23
776.601	22
776.617	14
776.633	20
776.649	13
776.665	28
776.680	15
776.696	18
776.712	27
776.728	16
776.744	22
776.760	28
776.776	20
776.792	15
776.808	21
776.823	20
776.839	11
776.855	16
776.871	20
776.887	21
776.903	30
776.919	27
776.934	27
776.950	24
776.966	24
776.982	16
776.998	16
777.014	17
777.030	24
777.046	23
777.061	17
777.077	21
777.093	17
777.109	23
777.125	16
777.141	24
777.157	21
777.172	26
777.188	21
777.204	12
777.220	32
777.236	21
777.252	26
777.267	33
777.283	23
777.299	18
777.315	30
777.331	40
777.347	37
777.362	20
777.378	36
777.394	39
777.410	39
777.426	14
777.442	27
777.457	20
777.473	15
777.489	13
777.505	20
777.521	15
777.537	13
777.552	28
777.568	17
777.584	21
777.600	32
777.616	19
777.632	26
777.647	13
777.663	17
777.679	21
777.695	20
777.711	24
777.726	26
777.742	31
777.758	41
777.774	35
777.790	28
777.806	30
777.821	15
777.837	20
777.853	21
777.869	26
777.885	36
777.900	29
777.916	20
777.932	19
777.948	18
777.964	34
777.979	27
777.995	27
778.011	18
778.027	18
778.042	25
778.058	11
778.074	24
778.090	16
778.106	16
778.121	23
778.137	21
778.153	15
778.169	16
778.185	16
778.200	11
778.216	14
778.232	17
778.248	22
778.263	19
778.279	23
778.295	15
778.311	15
778.327	22
778.342	7
778.358	21
778.374	21
778.390	23
778.405	22
778.421	27
778.437	31
778.453	20
778.468	18
778.484	14
778.500	13
778.516	14
778.531	16
778.547	22
778.563	13
778.579	17
778.594	23
778.610	32
778.626	24
778.642	17
778.658	17
778.673	17
778.689	16
778.705	15
778.720	11
778.736	23
778.752	26
778.768	13
778.783	19
778.799	25
778.815	29
778.831	19
778.846	21
778.862	31
778.878	21
778.894	26
778.909	21
778.925	21
778.941	31
778.957	29
778.972	16
778.988	18
779.004	19
779.019	12
779.035	15
779.051	30
779.067	29
779.082	24
779.098	21
779.114	32
779.129	21
779.145	32
779.161	26
779.177	20
779.192	26
779.208	18
779.224	24
779.239	25
779.255	13
779.271	27
779.287	22
779.302	22
779.318	17
779.334	17
779.349	14
779.365	15
779.381	14
779.396	14
779.412	17
779.428	15
779.444	10
779.459	15
779.475	16
779.491	23
779.506	13
779.522	27
779.538	23
779.553	21
779.569	17
779.585	19
779.600	20
779.616	19
779.632	17
779.647	21
779.663	25
779.679	19
779.695	19
779.710	16
779.726	10
779.742	26
779.757	19
779.773	32
779.789	19
779.804	20
779.820	30
779.836	25
779.851	14
779.867	10
779.883	16
779.898	10
779.914	16
779.930	18
779.945	12
779.961	10
779.977	20
779.992	18
780.008	16
780.023	10
780.039	16
780.055	11
780.070	11
780.086	6
780.102	19
780.117	9
780.133	10
780.149	23
780.164	18
780.180	9
780.196	8
780.211	6
780.227	21
780.243	15
780.258	17
780.274	22
780.289	22
780.305	16
780.321	22
780.336	18
780.352	21
780.368	10
780.383	9
780.399	19
780.414	19
780.430	23
780.446	20
780.461	22
780.477	26
780.493	13
780.508	16
780.524	17
780.539	19
780.555	8
780.571	13
780.586	26
780.602	28
780.618	32
780.633	8
780.649	26
780.664	17
780.680	13
780.696	19
780.711	16
780.727	22
780.742	16
780.758	26
780.774	27
780.789	19
780.805	12
780.820	16
780.836	16
780.852	22
780.867	25
780.883	23
780.898	22
780.914	18
780.930	20
780.945	19
780.961	20
780.976	13
780.992	20
781.008	23
781.023	16
781.039	15
781.054	17
781.070	23
781.085	25
781.101	9
781.117	28
781.132	26
781.148	19
781.163	24
781.179	18
781.194	30
781.210	17
781.226	16
781.241	20
781.257	13
781.272	21
781.288	9
781.303	25
781.319	17
781.335	14
781.350	29
781.366	27
781.381	19
781.397	22
781.412	21
781.428	26
781.443	17
781.459	26
781.475	16
781.490	19
781.506	20
781.521	18
781.537	17
781.552	25
781.568	17
781.583	20
781.599	17
781.614	20
781.630	23
781.646	24
781.661	27
781.677	21
781.692	22
781.708	15
781.723	28
781.739	19
781.754	21
781.770	16
781.785	16
781.801	23
781.816	14
781.832	24
781.848	17
781.863	21
781.879	21
781.894	28
781.910	15
781.925	23
781.941	29
781.956	23
781.972	19
781.987	19
782.003	27
782.018	21
782.034	21
782.049	11
782.065	22
782.080	29
782.096	25
782.111	37
782.127	36
782.142	40
782.158	41
782.173	36
782.189	21
782.204	30
782.220	21
782.235	24
782.251	26
782.266	24
782.282	31
782.297	28
782.313	22
782.328	17
782.344	20
782.359	19
782.375	13
782.390	23
782.406	20
782.421	27
782.437	31
782.452	21
782.468	31
782.483	30
782.499	18
782.514	16
782.530	15
782.545	24
782.561	15
782.576	18
782.592	17
782.607	24
782.622	21
782.638	15
782.653	25
782.669	17
782.684	34
782.700	39
782.715	31
782.731	37
782.746	22
782.762	35
782.777	30
782.793	42
782.808	31
782.824	28
782.839	17
782.854	25
782.870	27
782.885	35
782.901	27
782.916	27
782.932	27
782.947	26
782.963	30
782.978	20
782.993	15
783.009	25
783.024	39
783.040	53
783.055	62
783.071	83
783.086	68
783.102	81
783.117	88
783.132	100
783.148	87
783.163	96
783.179	110
783.194	98
783.210	77
783.225	62
783.240	59
783.256	50
783.271	38
783.287	39
783.302	32
783.318	51
783.333	38
783.348	31
783.364	43
783.379	39
783.395	33
783.410	32
783.426	49
783.441	29
783.456	15
783.472	22
783.487	24
783.503	24
783.518	43
783.533	30
783.549	45
783.564	66
783.580	70
783.595	73
783.610	70
783.626	70
783.641	45
783.657	36
783.672	38
783.687	30
783.703	31
783.718	46
783.734	68
783.749	74
783.764	69
783.780	63
783.795	63
783.811	44
783.826	56
783.841	61
783.857	67
783.872	82
783.888	111
783.903	106
783.918	112
783.934	68
783.949	35
783.964	28
783.980	57
783.995	80
784.011	96
784.026	82
784.041	60
784.057	36
784.072	30
784.087	17
784.103	48
784.118	78
784.134	72
784.149	54
784.164	39
784.180	27
784.195	36
784.210	75
784.226	85
784.241	72
784.256	50
784.272	40
784.287	34
784.302	41
784.318	60
784.333	81
784.349	71
784.364	44
784.379	25
784.395	29
784.410	43
784.425	46
784.441	29
784.456	22
784.471	44
784.487	62
784.502	60
784.517	43
784.533	36
784.548	58
784.563	71
784.579	67
784.594	52
784.609	73
784.625	71
784.640	53
784.655	54
784.671	76
784.686	76
784.701	67
784.717	47
784.732	48
784.747	76
784.763	73
784.778	58
784.793	48
784.809	65
784.824	74
784.839	96
784.854	52
784.870	38
784.885	55
784.900	91
784.916	71
784.931	30
784.946	23
784.962	82
784.977	66
784.992	43
785.008	31
785.023	51
785.038	53
785.053	30
785.069	23
785.084	70
785.099	70
785.115	42
785.130	19
785.145	57
785.161	91
785.176	37
785.191	26
785.206	56
785.222	73
785.237	53
785.252	28
785.268	51
785.283	51
785.298	39
785.313	42
785.329	65
785.344	34
785.359	36
785.375	39
785.390	63
785.405	41
785.420	64
785.436	44
785.451	55
785.466	49
785.481	52
785.497	53
785.512	38
785.527	38
785.543	39
785.558	32
785.573	44
785.588	47
785.604	42
785.619	31
785.634	28
785.649	77
785.665	54
785.680	28
785.695	37
785.710	39
785.726	69
785.741	75
785.756	93
785.771	45
785.787	53
785.802	42
785.817	59
785.832	40
785.848	44
785.863	82
785.878	74
785.893	93
785.909	60
785.924	74
785.939	38
785.954	45
785.970	74
785.985	50
786.000	80
786.015	53
786.030	44
786.046	46
786.061	38
786.076	71
786.091	41
786.107	59
786.122	43
786.137	36
786.152	63
786.168	38
786.183	42
786.198	24
786.213	49
786.228	43
786.244	43
786.259	51
786.274	49
786.289	46
786.304	41
786.320	41
786.335	36
786.350	39
786.365	41
786.381	33
786.396	51
786.411	52
786.426	41
786.441	75
786.457	45
786.472	44
786.487	56
786.502	42
786.517	30
786.533	40
786.548	49
786.563	22
786.578	26
786.593	42
786.608	51
786.624	67
786.639	58
786.654	41
786.669	70
786.684	51
786.700	42
786.715	73
786.730	65
786.745	63
786.760	66
786.775	32
786.791	49
786.806	56
786.821	38
786.836	26
786.851	51
786.867	35
786.882	53
786.897	57
786.912	29
786.927	41
786.942	38
786.958	42
786.973	51
786.988	34
787.003	41
787.018	38
787.033	25
787.049	33
787.064	24
787.079	38
787.094	43
787.109	26
787.124	29
787.139	31
787.155	41
787.170	39
787.185	31
787.200	35
787.215	34
787.230	22
787.245	23
787.261	21
787.276	36
787.291	34
787.306	44
787.321	51
787.336	48
787.351	40
787.367	46
787.382	26
787.397	13
787.412	25
787.427	22
787.442	22
787.457	31
787.472	32
787.488	35
787.503	28
787.518	17
787.533	25
787.548	16
787.563	24
787.578	36
787.593	51
787.609	53
787.624	49
787.639	36
787.654	25
787.669	23
787.684	35
787.699	45
787.714	80
787.730	92
787.745	133
787.760	140
787.775	143
787.790	150
787.805	115
787.820	98
787.835	70
787.850	68
787.865	71
