771.850	1
771.866	5
771.883	1
771.899	14
771.915	11
771.931	5
771.947	1
771.964	6
771.980	6
771.996	7
772.012	6
772.028	-2
772.045	0
772.061	6
772.077	-2
772.093	6
772.109	12
772.126	7
772.142	5
772.158	5
772.174	-3
772.190	2
772.206	6
772.223	-2
772.239	13
772.255	3
772.271	10
772.287	0
772.304	9
772.320	-6
772.336	6
772.352	7
772.368	7
772.384	5
772.401	2
772.417	-3
772.433	3
772.449	10
772.465	12
772.482	5
772.498	-2
772.514	6
772.530	7
772.546	17
772.562	12
772.579	3
772.595	8
772.611	-3
772.627	8
772.643	7
772.659	1
772.675	8
772.692	-5
772.708	2
772.724	3
772.740	-4
772.756	3
772.772	5
772.789	6
772.805	0
772.821	5
772.837	3
772.853	-1
772.869	1
772.885	-2
772.902	0
772.918	-3
772.934	8
772.950	6
772.966	7
772.982	8
772.998	-2
773.015	-6
773.031	3
773.047	9
773.063	9
773.079	2
773.095	9
773.111	8
773.127	8
773.144	8
773.160	4
773.176	-2
773.192	4
773.208	1
773.224	5
773.240	4
773.256	8
773.272	4
773.289	7
773.305	3
773.321	12
773.337	6
773.353	-1
773.369	5
773.385	8
773.401	-1
773.417	7
773.434	7
773.450	2
773.466	3
773.482	9
773.498	4
773.514	5
773.530	-2
773.546	4
773.562	4
773.579	5
773.595	4
773.611	0
773.627	5
773.643	8
773.659	5
773.675	6
773.691	3
773.707	1
773.723	1
773.739	14
773.755	12
773.772	4
773.788	8
773.804	3
773.820	6
773.836	0
773.852	14
773.868	-1
773.884	9
773.900	0
773.916	12
773.932	0
773.948	4
773.964	11
773.981	0
773.997	5
774.013	8
774.029	-2
774.045	-2
774.061	6
774.077	2
774.093	9
774.109	5
774.125	5
774.141	8
774.157	-2
774.173	10
774.189	3
774.205	0
774.221	3
774.237	1
774.254	-1
774.270	2
774.286	7
774.302	2
774.318	10
774.334	7
774.350	10
774.366	1
774.382	7
774.398	0
774.414	-3
774.430	3
774.446	9
774.462	-2
774.478	10
774.494	6
774.510	9
774.526	3
774.542	-2
774.558	14
774.574	-1
774.590	1
774.606	5
774.622	6
774.638	5
774.654	-3
774.670	4
774.686	-1
774.702	3
774.719	6
774.735	5
774.751	4
774.767	4
774.783	11
774.799	6
774.815	4
774.831	0
774.847	12
774.863	4
774.879	-3
774.895	7
774.911	2
774.927	10
774.943	8
774.959	4
774.975	9
774.991	7
775.007	12
775.023	3
775.039	3
775.055	1
775.071	1
775.087	1
775.103	4
775.119	10
775.135	2
775.151	4
775.167	0
775.183	12
775.199	11
775.215	8
775.231	4
775.247	5
775.262	1
775.278	6
775.294	0
775.310	-1
775.326	5
775.342	7
775.358	5
775.374	-3
775.390	-3
775.406	1
775.422	1
775.438	7
775.454	6
775.470	6
775.486	5
775.502	7
775.518	-1
775.534	6
775.550	7
775.566	12
775.582	0
775.598	3
775.614	5
775.630	3
775.646	5
775.662	7
775.678	0
775.694	7
775.710	-3
775.725	5
775.741	6
775.757	-1
775.773	2
775.789	4
775.805	16
775.821	3
775.837	-2
775.853	-2
775.869	-2
775.885	8
775.901	1
775.917	1
775.933	9
775.949	1
775.965	8
775.981	1
775.996	2
776.012	5
776.028	7
776.044	2
776.060	6
776.076	-3
776.092	3
776.108	-2
776.124	10
776.140	9
776.156	12
776.172	-4
776.188	1
776.203	5
776.219	3
776.235	6
776.251	7
776.267	-3
776.283	2
776.299	5
776.315	6
776.331	7
776.347	-1
776.363	5
776.378	9
776.394	6
776.410	7
776.426	8
776.442	3
776.458	2
776.474	8
776.490	4
776.506	6
776.522	4
776.537	3
776.553	4
776.569	3
776.585	-2
776.601	10
776.617	-2
776.633	4
776.649	-1
776.665	7
776.680	-6
776.696	-8
776.712	14
776.728	3
776.744	-3
776.760	9
776.776	4
776.792	5
776.808	-1
776.823	10
776.839	2
776.855	2
776.871	-1
776.887	-1
776.903	2
776.919	10
776.934	1
776.950	3
776.966	7
776.982	-4
776.998	-3
777.014	6
777.030	18
777.046	1
777.061	6
777.077	5
777.093	-3
777.109	9
777.125	0
777.141	7
777.157	0
777.172	-1
777.188	6
777.204	4
777.220	7
777.236	0
777.252	2
777.267	5
777.283	5
777.299	2
777.315	8
777.331	4
777.347	12
777.362	-4
777.378	9
777.394	5
777.410	1
777.426	9
777.442	2
777.457	0
777.473	1
777.489	7
777.505	6
777.521	0
777.537	-4
777.552	8
777.568	2
777.584	6
777.600	9
777.616	2
777.632	3
777.647	-1
777.663	-3
777.679	6
777.695	-4
777.711	8
777.726	0
777.742	2
777.758	10
777.774	7
777.790	3
777.806	0
777.821	-1
777.837	3
777.853	2
777.869	4
777.885	8
777.900	7
777.916	1
777.932	8
777.948	4
777.964	6
777.979	9
777.995	15
778.011	1
778.027	4
778.042	3
778.058	3
778.074	7
778.090	2
778.106	0
778.121	4
778.137	2
778.153	-2
778.169	7
778.185	2
778.200	-9
778.216	-1
778.232	3
778.248	9
778.263	5
778.279	8
778.295	3
778.311	7
778.327	5
778.342	-4
778.358	10
778.374	4
778.390	1
778.405	2
778.421	10
778.437	4
778.453	6
778.468	4
778.484	-2
778.500	4
778.516	4
778.531	-4
778.547	7
778.563	6
778.579	4
778.594	4
778.610	8
778.626	-2
778.642	-6
778.658	2
778.673	1
778.689	3
778.705	9
778.720	-3
778.736	6
778.752	0
778.768	5
778.783	0
778.799	5
778.815	7
778.831	6
778.846	4
778.862	8
778.878	2
778.894	7
778.909	9
778.925	9
778.941	3
778.957	7
778.972	1
778.988	6
779.004	2
779.019	2
779.035	1
779.051	11
779.067	10
779.082	5
779.098	1
779.114	0
779.129	2
779.145	8
779.161	8
779.177	3
779.192	1
779.208	7
779.224	2
779.239	1
779.255	5
779.271	6
779.287	5
779.302	5
779.318	9
779.334	3
779.349	2
779.365	2
779.381	-3
779.396	4
779.412	1
779.428	-4
779.444	3
779.459	2
779.475	-2
779.491	4
779.506	-1
779.522	9
779.538	-2
779.553	10
779.569	7
779.585	7
779.600	9
779.616	7
779.632	3
779.647	4
779.663	-2
779.679	12
779.695	1
779.710	-1
779.726	-6
779.742	5
779.757	0
779.773	6
779.789	1
779.804	10
779.820	8
779.836	18
779.851	3
779.867	-2
779.883	0
779.898	3
779.914	2
779.930	1
779.945	3
779.961	3
779.977	0
779.992	5
780.008	3
780.023	-7
780.039	-1
780.055	1
780.070	-6
780.086	-4
780.102	0
780.117	-6
780.133	0
780.149	5
780.164	8
780.180	-7
780.196	3
780.211	-1
780.227	10
780.243	2
780.258	8
780.274	-2
780.289	3
780.305	6
780.321	8
780.336	0
780.352	0
780.368	2
780.383	2
780.399	0
780.414	5
780.430	6
780.446	9
780.461	1
780.477	5
780.493	2
780.508	-1
780.524	-3
780.539	2
780.555	-6
780.571	2
780.586	-1
780.602	8
780.618	12
780.633	7
780.649	3
780.664	2
780.680	-2
780.696	3
780.711	1
780.727	8
780.742	-1
780.758	18
780.774	2
780.789	7
780.805	6
780.820	1
780.836	3
780.852	4
780.867	8
780.883	7
780.898	8
780.914	-2
780.930	6
780.945	4
780.961	4
780.976	6
780.992	6
781.008	8
781.023	-1
781.039	-1
781.054	5
781.070	7
781.085	5
781.101	-3
781.117	12
781.132	9
781.148	-4
781.163	12
781.179	0
781.194	6
781.210	6
781.226	-5
781.241	5
781.257	4
781.272	2
781.288	3
781.303	11
781.319	3
781.335	-4
781.350	8
781.366	15
781.381	8
781.397	5
781.412	7
781.428	6
781.443	6
781.459	3
781.475	0
781.490	-1
781.506	2
781.521	4
781.537	7
781.552	13
781.568	3
781.583	10
781.599	2
781.614	5
781.630	8
781.646	4
781.661	12
781.677	4
781.692	2
781.708	-3
781.723	3
781.739	12
781.754	5
781.770	4
781.785	7
781.801	5
781.816	-1
781.832	13
781.848	3
781.863	2
781.879	9
781.894	6
781.910	4
781.925	9
781.941	7
781.956	4
781.972	5
781.987	2
782.003	7
782.018	3
782.034	1
782.049	0
782.065	4
782.080	3
782.096	9
782.111	9
782.127	4
782.142	4
782.158	-3
782.173	9
782.189	3
782.204	3
782.220	6
782.235	5
782.251	11
782.266	8
782.282	7
782.297	6
782.313	4
782.328	3
782.344	11
782.359	-3
782.375	-3
782.390	6
782.406	1
782.421	6
782.437	7
782.452	4
782.468	9
782.483	2
782.499	5
782.514	6
782.530	0
782.545	12
782.561	4
782.576	-1
782.592	0
782.607	9
782.622	3
782.638	1
782.653	5
782.669	4
782.684	9
782.700	5
782.715	7
782.731	13
782.746	-1
782.762	2
782.777	11
782.793	13
782.808	3
782.824	12
782.839	2
782.854	3
782.870	5
782.885	9
782.901	4
782.916	9
782.932	2
782.947	-2
782.963	5
782.978	7
782.993	6
783.009	3
783.024	11
783.040	14
783.055	12
783.071	12
783.086	13
783.102	20
783.117	15
783.132	19
783.148	14
783.163	29
783.179	18
783.194	15
783.210	18
783.225	11
783.240	7
783.256	17
783.271	8
783.287	14
783.302	4
783.318	10
783.333	12
783.348	2
783.364	12
783.379	10
783.395	9
783.410	2
783.426	16
783.441	5
783.456	4
783.472	0
783.487	5
783.503	4
783.518	3
783.533	0
783.549	11
783.564	15
783.580	16
783.595	18
783.610	15
783.626	20
783.641	7
783.657	8
783.672	7
783.687	4
783.703	6
783.718	15
783.734	19
783.749	20
783.764	20
783.780	8
783.795	14
783.811	2
783.826	13
783.841	16
783.857	11
783.872	20
783.888	24
783.903	25
783.918	20
783.934	9
783.949	2
783.964	13
783.980	15
783.995	21
784.011	19
784.026	19
784.041	4
784.057	2
784.072	8
784.087	-1
784.103	4
784.118	19
784.134	13
784.149	13
784.164	1
784.180	2
784.195	7
784.210	14
784.226	16
784.241	11
784.256	12
784.272	12
784.287	10
784.302	6
784.318	3
784.333	16
784.349	11
784.364	3
784.379	6
784.395	6
784.410	7
784.425	13
784.441	4
784.456	3
784.471	11
784.487	13
784.502	19
784.517	8
784.533	2
784.548	13
784.563	16
784.579	14
784.594	5
784.609	12
784.625	1
784.640	3
784.655	10
784.671	20
784.686	20
784.701	5
784.717	10
784.732	9
784.747	19
784.763	12
784.778	16
784.793	14
784.809	14
784.824	6
784.839	18
784.854	12
784.870	5
784.885	9
784.900	22
784.916	7
784.931	9
784.946	6
784.962	13
784.977	15
784.992	8
785.008	2
785.023	12
785.038	10
785.053	9
785.069	5
785.084	13
785.099	14
785.115	10
785.130	3
785.145	17
785.161	24
785.176	5
785.191	5
785.206	4
785.222	7
785.237	9
785.252	7
785.268	11
785.283	8
785.298	4
785.313	4
785.329	12
785.344	4
785.359	1
785.375	7
785.390	14
785.405	17
785.420	16
785.436	6
785.451	13
785.466	8
785.481	7
785.497	14
785.512	10
785.527	6
785.543	6
785.558	4
785.573	9
785.588	11
785.604	22
785.619	9
785.634	7
785.649	17
785.665	10
785.680	10
785.695	8
785.710	0
785.726	11
785.741	17
785.756	18
785.771	5
785.787	9
785.802	13
785.817	10
785.832	6
785.848	5
785.863	16
785.878	17
785.893	18
785.909	11
785.924	18
785.939	10
785.954	10
785.970	15
785.985	10
786.000	16
786.015	7
786.030	8
786.046	12
786.061	7
786.076	18
786.091	11
786.107	8
786.122	9
786.137	6
786.152	4
786.168	9
786.183	5
786.198	1
786.213	12
786.228	4
786.244	12
786.259	15
786.274	19
786.289	10
786.304	8
786.320	1
786.335	9
786.350	10
786.365	6
786.381	11
786.396	7
786.411	10
786.426	5
786.441	15
786.457	-2
786.472	12
786.487	2
786.502	2
786.517	13
786.533	11
786.548	13
786.563	7
786.578	5
786.593	7
786.608	13
786.624	13
786.639	8
786.654	14
786.669	6
786.684	-1
786.700	12
786.715	12
786.730	17
786.745	8
786.760	8
786.775	21
786.791	14
786.806	13
786.821	3
786.836	0
786.851	3
786.867	-4
786.882	6
786.897	10
786.912	0
786.927	8
786.942	5
786.958	12
786.973	10
786.988	4
787.003	7
787.018	0
787.033	0
787.049	4
787.064	2
787.079	17
787.094	18
787.109	3
787.124	2
787.139	4
787.155	21
787.170	2
787.185	6
787.200	10
787.215	6
787.230	6
787.245	5
787.261	9
787.276	11
787.291	7
787.306	8
787.321	11
787.336	4
787.351	9
787.367	14
787.382	4
787.397	2
787.412	7
787.427	1
787.442	1
787.457	11
787.472	1
787.488	-1
787.503	-2
787.518	3
787.533	5
787.548	7
787.563	3
787.578	7
787.593	5
787.609	7
787.624	14
787.639	7
787.654	6
787.669	6
787.684	8
787.699	5
787.714	24
787.730	12
787.745	15
787.760	27
787.775	19
787.790	25
787.805	25
787.820	14
787.835	8
787.850	18
787.865	18
