771.850	17
771.866	20
771.883	11
771.899	22
771.915	23
771.931	17
771.947	16
771.964	24
771.980	20
771.996	10
772.012	14
772.028	15
772.045	16
772.061	17
772.077	11
772.093	18
772.109	22
772.126	15
772.142	18
772.158	17
772.174	14
772.190	13
772.206	17
772.223	13
772.239	19
772.255	13
772.271	24
772.287	21
772.304	19
772.320	4
772.336	17
772.352	15
772.368	17
772.384	14
772.401	14
772.417	11
772.433	21
772.449	16
772.465	19
772.482	21
772.498	10
772.514	14
772.530	16
772.546	24
772.562	27
772.579	18
772.595	14
772.611	16
772.627	12
772.643	12
772.659	12
772.675	20
772.692	7
772.708	16
772.724	11
772.740	17
772.756	11
772.772	17
772.789	18
772.805	13
772.821	13
772.837	20
772.853	13
772.869	18
772.885	12
772.902	13
772.918	15
772.934	18
772.950	19
772.966	20
772.982	26
772.998	14
773.015	9
773.031	17
773.047	27
773.063	29
773.079	16
773.095	28
773.111	16
773.127	21
773.144	20
773.160	17
773.176	13
773.192	15
773.208	17
773.224	19
773.240	15
773.256	21
773.272	17
773.289	22
773.305	19
773.321	25
773.337	24
773.353	3
773.369	18
773.385	19
773.401	22
773.417	13
773.434	12
773.450	14
773.466	18
773.482	24
773.498	16
773.514	22
773.530	22
773.546	22
773.562	17
773.579	19
773.595	22
773.611	15
773.627	22
773.643	21
773.659	19
773.675	13
773.691	24
773.707	17
773.723	10
773.739	22
773.755	26
773.772	15
773.788	18
773.804	12
773.820	12
773.836	13
773.852	30
773.868	13
773.884	18
773.900	29
773.916	27
773.932	18
773.948	31
773.964	30
773.981	21
773.997	24
774.013	27
774.029	7
774.045	20
774.061	20
774.077	23
774.093	28
774.109	20
774.125	17
774.141	12
774.157	9
774.173	14
774.189	12
774.205	20
774.221	14
774.237	10
774.254	7
774.270	16
774.286	21
774.302	16
774.318	27
774.334	15
774.350	22
774.366	16
774.382	21
774.398	14
774.414	8
774.430	18
774.446	19
774.462	18
774.478	20
774.494	19
774.510	21
774.526	17
774.542	14
774.558	22
774.574	14
774.590	12
774.606	13
774.622	13
774.638	18
774.654	8
774.670	21
774.686	12
774.702	12
774.719	15
774.735	21
774.751	15
774.767	21
774.783	14
774.799	14
774.815	16
774.831	22
774.847	18
774.863	18
774.879	10
774.895	18
774.911	17
774.927	15
774.943	23
774.959	20
774.975	14
774.991	17
775.007	19
775.023	18
775.039	8
775.055	21
775.071	15
775.087	18
775.103	23
775.119	14
775.135	15
775.151	19
775.167	23
775.183	26
775.199	24
775.215	20
775.231	14
775.247	14
775.262	15
775.278	17
775.294	15
775.310	12
775.326	12
775.342	15
775.358	16
775.374	14
775.390	10
775.406	17
775.422	22
775.438	22
775.454	26
775.470	19
775.486	17
775.502	22
775.518	19
775.534	25
775.550	25
775.566	17
775.582	13
775.598	15
775.614	14
775.630	21
775.646	24
775.662	20
775.678	9
775.694	19
775.710	5
775.725	13
775.741	20
775.757	10
775.773	17
775.789	26
775.805	28
775.821	8
775.837	15
775.853	5
775.869	16
775.885	20
775.901	17
775.917	9
775.933	20
775.949	13
775.965	27
775.981	12
775.996	11
776.012	10
776.028	18
776.044	11
776.060	14
776.076	18
776.092	17
776.108	11
776.124	17
776.140	12
776.156	21
776.172	14
776.188	11
776.203	16
776.219	15
776.235	23
776.251	21
776.267	12
776.283	18
776.299	21
776.315	18
776.331	22
776.347	20
776.363	17
776.378	20
776.394	20
776.410	15
776.426	9
776.442	23
776.458	12
776.474	22
776.490	16
776.506	16
776.522	16
776.537	22
776.553	16
776.569	17
776.585	16
776.601	22
776.617	12
776.633	15
776.649	11
776.665	17
776.680	14
776.696	17
776.712	18
776.728	17
776.744	17
776.760	24
776.776	18
776.792	14
776.808	19
776.823	11
776.839	15
776.855	20
776.871	12
776.887	16
776.903	17
776.919	30
776.934	18
776.950	26
776.966	28
776.982	10
776.998	11
777.014	15
777.030	27
777.046	16
777.061	10
777.077	26
777.093	11
777.109	20
777.125	19
777.141	16
777.157	20
777.172	25
777.188	24
777.204	18
777.220	24
777.236	20
777.252	19
777.267	16
777.283	13
777.299	13
777.315	34
777.331	42
777.347	28
777.362	24
777.378	19
777.394	25
777.410	37
777.426	16
777.442	23
777.457	16
777.473	11
777.489	18
777.505	24
777.521	17
777.537	6
777.552	26
777.568	11
777.584	10
777.600	21
777.616	13
777.632	17
777.647	14
777.663	5
777.679	26
777.695	15
777.711	22
777.726	23
777.742	24
777.758	32
777.774	30
777.790	21
777.806	18
777.821	12
777.837	12
777.853	22
777.869	26
777.885	36
777.900	25
777.916	20
777.932	24
777.948	18
777.964	20
777.979	16
777.995	22
778.011	16
778.027	13
778.042	17
778.058	9
778.074	15
778.090	12
778.106	16
778.121	13
778.137	15
778.153	11
778.169	15
778.185	21
778.200	13
778.216	8
778.232	15
778.248	19
778.263	16
778.279	23
778.295	11
778.311	18
778.327	20
778.342	10
778.358	16
778.374	21
778.390	16
778.405	14
778.421	23
778.437	16
778.453	15
778.468	17
778.484	5
778.500	6
778.516	15
778.531	6
778.547	13
778.563	13
778.579	12
778.594	23
778.610	16
778.626	15
778.642	6
778.658	11
778.673	10
778.689	14
778.705	18
778.720	8
778.736	17
778.752	17
778.768	14
778.783	13
778.799	28
778.815	18
778.831	19
778.846	19
778.862	29
778.878	22
778.894	24
778.909	14
778.925	22
778.941	24
778.957	23
778.972	9
778.988	20
779.004	15
779.019	19
779.035	10
779.051	30
779.067	26
779.082	22
779.098	16
779.114	19
779.129	18
779.145	22
779.161	20
779.177	13
779.192	21
779.208	18
779.224	22
779.239	12
779.255	17
779.271	21
779.287	19
779.302	9
779.318	13
779.334	15
779.349	10
779.365	10
779.381	12
779.396	16
779.412	17
779.428	10
779.444	11
779.459	18
779.475	6
779.491	21
779.506	6
779.522	20
779.538	16
779.553	16
779.569	10
779.585	17
779.600	29
779.616	15
779.632	15
779.647	12
779.663	20
779.679	25
779.695	21
779.710	13
779.726	11
779.742	23
779.757	12
779.773	23
779.789	18
779.804	21
779.820	27
779.836	24
779.851	14
779.867	13
779.883	12
779.898	6
779.914	17
779.930	12
779.945	15
779.961	14
779.977	4
779.992	15
780.008	15
780.023	5
780.039	12
780.055	15
780.070	5
780.086	5
780.102	9
780.117	5
780.133	4
780.149	15
780.164	18
780.180	13
780.196	13
780.211	3
780.227	16
780.243	11
780.258	11
780.274	17
780.289	18
780.305	20
780.321	18
780.336	17
780.352	8
780.368	13
780.383	12
780.399	19
780.414	15
780.430	17
780.446	14
780.461	12
780.477	14
780.493	9
780.508	15
780.524	15
780.539	22
780.555	5
780.571	17
780.586	16
780.602	20
780.618	33
780.633	16
780.649	22
780.664	16
780.680	5
780.696	23
780.711	19
780.727	21
780.742	16
780.758	32
780.774	23
780.789	25
780.805	12
780.820	19
780.836	10
780.852	20
780.867	12
780.883	19
780.898	22
780.914	10
780.930	18
780.945	16
780.961	13
780.976	20
780.992	13
781.008	18
781.023	8
781.039	14
781.054	16
781.070	19
781.085	24
781.101	12
781.117	22
781.132	23
781.148	3
781.163	21
781.179	20
781.194	20
781.210	14
781.226	15
781.241	9
781.257	12
781.272	11
781.288	13
781.303	22
781.319	19
781.335	12
781.350	25
781.366	30
781.381	17
781.397	20
781.412	18
781.428	23
781.443	20
781.459	16
781.475	17
781.490	18
781.506	15
781.521	19
781.537	16
781.552	17
781.568	15
781.583	19
781.599	23
781.614	15
781.630	18
781.646	13
781.661	21
781.677	16
781.692	12
781.708	11
781.723	18
781.739	17
781.754	13
781.770	13
781.785	18
781.801	15
781.816	15
781.832	32
781.848	16
781.863	25
781.879	24
781.894	14
781.910	16
781.925	21
781.941	21
781.956	25
781.972	17
781.987	19
782.003	17
782.018	17
782.034	18
782.049	15
782.065	15
782.080	22
782.096	27
782.111	34
782.127	36
782.142	36
782.158	22
782.173	29
782.189	21
782.204	19
782.220	24
782.235	20
782.251	28
782.266	23
782.282	33
782.297	25
782.313	21
782.328	18
782.344	16
782.359	10
782.375	18
782.390	20
782.406	19
782.421	28
782.437	18
782.452	18
782.468	28
782.483	23
782.499	22
782.514	18
782.530	14
782.545	17
782.561	11
782.576	15
782.592	15
782.607	20
782.622	21
782.638	23
782.653	21
782.669	19
782.684	26
782.700	28
782.715	26
782.731	32
782.746	26
782.762	27
782.777	25
782.793	40
782.808	21
782.824	28
782.839	17
782.854	17
782.870	24
782.885	27
782.901	27
782.916	17
782.932	19
782.947	13
782.963	26
782.978	25
782.993	21
783.009	21
783.024	35
783.040	49
783.055	48
783.071	53
783.086	58
783.102	64
783.117	77
783.132	89
783.148	83
783.163	104
783.179	93
783.194	77
783.210	73
783.225	49
783.240	45
783.256	41
783.271	36
783.287	32
783.302	31
783.318	33
783.333	24
783.348	29
783.364	42
783.379	28
783.395	41
783.410	31
783.426	36
783.441	19
783.456	16
783.472	18
783.487	26
783.503	22
783.518	25
783.533	21
783.549	44
783.564	53
783.580	68
783.595	68
783.610	65
783.626	51
783.641	33
783.657	32
783.672	36
783.687	30
783.703	29
783.718	50
783.734	68
783.749	73
783.764	71
783.780	46
783.795	57
783.811	40
783.826	51
783.841	44
783.857	60
783.872	78
783.888	102
783.903	91
783.918	90
783.934	55
783.949	21
783.964	35
783.980	58
783.995	73
784.011	75
784.026	73
784.041	55
784.057	32
784.072	29
784.087	17
784.103	46
784.118	72
784.134	65
784.149	51
784.164	26
784.180	24
784.195	34
784.210	60
784.226	76
784.241	58
784.256	45
784.272	44
784.287	31
784.302	38
784.318	65
784.333	63
784.349	52
784.364	25
784.379	21
784.395	30
784.410	55
784.425	38
784.441	24
784.456	20
784.471	39
784.487	58
784.502	63
784.517	41
784.533	27
784.548	47
784.563	62
784.579	51
784.594	56
784.609	65
784.625	59
784.640	46
784.655	41
784.671	70
784.686	81
784.701	61
784.717	39
784.732	44
784.747	68
784.763	70
784.778	46
784.793	49
784.809	53
784.824	73
784.839	77
784.854	42
784.870	40
784.885	62
784.900	78
784.916	67
784.931	34
784.946	28
784.962	68
784.977	60
784.992	29
785.008	30
785.023	47
785.038	59
785.053	24
785.069	19
785.084	70
785.099	56
785.115	33
785.130	22
785.145	62
785.161	76
785.176	35
785.191	21
785.206	46
785.222	67
785.237	45
785.252	26
785.268	43
785.283	46
785.298	40
785.313	34
785.329	61
785.344	32
785.359	35
785.375	24
785.390	51
785.405	37
785.420	59
785.436	47
785.451	32
785.466	40
785.481	37
785.497	48
785.512	33
785.527	33
785.543	28
785.558	32
785.573	39
785.588	39
785.604	43
785.619	31
785.634	28
785.649	70
785.665	51
785.680	27
785.695	26
785.710	29
785.726	61
785.741	66
785.756	83
785.771	35
785.787	32
785.802	39
785.817	50
785.832	29
785.848	30
785.863	86
785.878	60
785.893	76
785.909	55
785.924	64
785.939	34
785.954	45
785.970	61
785.985	47
786.000	55
786.015	47
786.030	42
786.046	32
786.061	43
786.076	54
786.091	29
786.107	46
786.122	34
786.137	18
786.152	51
786.168	26
786.183	26
786.198	23
786.213	44
786.228	27
786.244	39
786.259	51
786.274	40
786.289	44
786.304	36
786.320	32
786.335	32
786.350	29
786.365	39
786.381	33
786.396	56
786.411	51
786.426	42
786.441	70
786.457	37
786.472	41
786.487	44
786.502	31
786.517	28
786.533	32
786.548	35
786.563	25
786.578	22
786.593	29
786.608	39
786.624	65
786.639	59
786.654	35
786.669	58
786.684	38
786.700	38
786.715	66
786.730	51
786.745	44
786.760	45
786.775	24
786.791	38
786.806	48
786.821	29
786.836	24
786.851	44
786.867	29
786.882	46
786.897	45
786.912	21
786.927	42
786.942	29
786.958	31
786.973	37
786.988	28
787.003	40
787.018	34
787.033	24
787.049	22
787.064	26
787.079	44
787.094	32
787.109	27
787.124	25
787.139	28
787.155	39
787.170	35
787.185	21
787.200	29
787.215	20
787.230	13
787.245	25
787.261	23
787.276	29
787.291	39
787.306	32
787.321	46
787.336	39
787.351	26
787.367	41
787.382	25
787.397	12
787.412	25
787.427	24
787.442	23
787.457	32
787.472	21
787.488	22
787.503	21
787.518	10
787.533	25
787.548	16
787.563	25
787.578	30
787.593	41
787.609	50
787.624	45
787.639	29
787.654	29
787.669	29
787.684	28
787.699	45
787.714	62
787.730	74
787.745	111
787.760	130
787.775	115
787.790	116
787.805	93
787.820	74
787.835	69
787.850	63
787.865	54
