771.850	37
771.866	26
771.883	25
771.899	34
771.915	38
771.931	31
771.947	30
771.964	33
771.980	35
771.996	20
772.012	25
772.028	25
772.045	23
772.061	35
772.077	28
772.093	34
772.109	28
772.126	37
772.142	30
772.158	40
772.174	26
772.190	31
772.206	36
772.223	25
772.239	27
772.255	35
772.271	36
772.287	36
772.304	37
772.320	15
772.336	32
772.352	40
772.368	40
772.384	23
772.401	31
772.417	31
772.433	40
772.449	19
772.465	26
772.482	34
772.498	26
772.514	35
772.530	33
772.546	53
772.562	41
772.579	34
772.595	26
772.611	28
772.627	29
772.643	29
772.659	32
772.675	45
772.692	18
772.708	29
772.724	23
772.740	30
772.756	33
772.772	31
772.789	26
772.805	31
772.821	31
772.837	33
772.853	31
772.869	35
772.885	36
772.902	22
772.918	33
772.934	42
772.950	47
772.966	34
772.982	36
772.998	23
773.015	20
773.031	45
773.047	42
773.063	33
773.079	33
773.095	41
773.111	25
773.127	42
773.144	33
773.160	37
773.176	29
773.192	31
773.208	32
773.224	36
773.240	23
773.256	32
773.272	26
773.289	37
773.305	35
773.321	32
773.337	43
773.353	20
773.369	34
773.385	22
773.401	32
773.417	33
773.434	37
773.450	34
773.466	34
773.482	43
773.498	54
773.514	43
773.530	44
773.546	57
773.562	38
773.579	39
773.595	36
773.611	39
773.627	45
773.643	39
773.659	42
773.675	40
773.691	25
773.707	35
773.723	34
773.739	32
773.755	40
773.772	40
773.788	33
773.804	29
773.820	25
773.836	28
773.852	39
773.868	30
773.884	42
773.900	47
773.916	51
773.932	42
773.948	56
773.964	44
773.981	36
773.997	39
774.013	42
774.029	19
774.045	26
774.061	41
774.077	31
774.093	36
774.109	35
774.125	44
774.141	31
774.157	22
774.173	27
774.189	25
774.205	24
774.221	29
774.237	33
774.254	23
774.270	35
774.286	36
774.302	23
774.318	37
774.334	33
774.350	36
774.366	29
774.382	28
774.398	23
774.414	25
774.430	27
774.446	32
774.462	32
774.478	41
774.494	36
774.510	29
774.526	35
774.542	29
774.558	40
774.574	26
774.590	25
774.606	31
774.622	29
774.638	30
774.654	17
774.670	40
774.686	30
774.702	26
774.719	36
774.735	30
774.751	29
774.767	30
774.783	36
774.799	30
774.815	27
774.831	35
774.847	35
774.863	32
774.879	29
774.895	36
774.911	31
774.927	30
774.943	40
774.959	31
774.975	30
774.991	33
775.007	44
775.023	29
775.039	24
775.055	30
775.071	34
775.087	27
775.103	25
775.119	43
775.135	38
775.151	35
775.167	32
775.183	41
775.199	41
775.215	35
775.231	30
775.247	41
775.262	29
775.278	34
775.294	24
775.310	31
775.326	25
775.342	26
775.358	33
775.374	33
775.390	28
775.406	28
775.422	39
775.438	40
775.454	36
775.470	34
775.486	41
775.502	46
775.518	37
775.534	39
775.550	38
775.566	35
775.582	30
775.598	37
775.614	16
775.630	34
775.646	38
775.662	38
775.678	28
775.694	34
775.710	14
775.725	30
775.741	42
775.757	20
775.773	29
775.789	40
775.805	40
775.821	23
775.837	25
775.853	16
775.869	28
775.885	40
775.901	32
775.917	26
775.933	31
775.949	25
775.965	32
775.981	17
775.996	28
776.012	37
776.028	36
776.044	27
776.060	29
776.076	34
776.092	28
776.108	23
776.124	30
776.140	29
776.156	38
776.172	33
776.188	25
776.203	24
776.219	32
776.235	42
776.251	31
776.267	29
776.283	30
776.299	38
776.315	39
776.331	39
776.347	44
776.363	28
776.378	40
776.394	39
776.410	36
776.426	23
776.442	34
776.458	18
776.474	32
776.490	29
776.506	24
776.522	39
776.537	29
776.553	25
776.569	29
776.585	36
776.601	34
776.617	32
776.633	25
776.649	19
776.665	38
776.680	24
776.696	34
776.712	44
776.728	32
776.744	27
776.760	42
776.776	35
776.792	17
776.808	20
776.823	33
776.839	35
776.855	30
776.871	35
776.887	32
776.903	33
776.919	39
776.934	41
776.950	34
776.966	37
776.982	26
776.998	25
777.014	25
777.030	35
777.046	29
777.061	35
777.077	35
777.093	22
777.109	38
777.125	29
777.141	39
777.157	35
777.172	31
777.188	37
777.204	31
777.220	35
777.236	37
777.252	37
777.267	34
777.283	25
777.299	35
777.315	57
777.331	70
777.347	59
777.362	36
777.378	52
777.394	53
777.410	51
777.426	32
777.442	37
777.457	24
777.473	24
777.489	32
777.505	32
777.521	32
777.537	29
777.552	53
777.568	25
777.584	26
777.600	37
777.616	34
777.632	29
777.647	27
777.663	30
777.679	38
777.695	25
777.711	31
777.726	50
777.742	41
777.758	70
777.774	59
777.790	43
777.806	40
777.821	22
777.837	34
777.853	35
777.869	48
777.885	52
777.900	41
777.916	27
777.932	36
777.948	35
777.964	40
777.979	41
777.995	31
778.011	30
778.027	25
778.042	26
778.058	25
778.074	29
778.090	31
778.106	33
778.121	32
778.137	35
778.153	15
778.169	30
778.185	32
778.200	26
778.216	25
778.232	27
778.248	39
778.263	46
778.279	38
778.295	20
778.311	28
778.327	37
778.342	26
778.358	36
778.374	34
778.390	32
778.405	36
778.421	39
778.437	33
778.453	26
778.468	24
778.484	24
778.500	21
778.516	19
778.531	19
778.547	26
778.563	28
778.579	32
778.594	37
778.610	31
778.626	33
778.642	21
778.658	22
778.673	28
778.689	28
778.705	39
778.720	25
778.736	43
778.752	32
778.768	27
778.783	30
778.799	41
778.815	35
778.831	33
778.846	36
778.862	43
778.878	32
778.894	24
778.909	32
778.925	32
778.941	29
778.957	28
778.972	27
778.988	31
779.004	18
779.019	32
779.035	30
779.051	34
779.067	43
779.082	37
779.098	26
779.114	41
779.129	22
779.145	37
779.161	37
779.177	28
779.192	31
779.208	34
779.224	42
779.239	34
779.255	34
779.271	34
779.287	39
779.302	32
779.318	29
779.334	25
779.349	26
779.365	36
779.381	29
779.396	31
779.412	30
779.428	31
779.444	19
779.459	28
779.475	20
779.491	26
779.506	25
779.522	27
779.538	35
779.553	40
779.569	24
779.585	36
779.600	45
779.616	24
779.632	34
779.647	40
779.663	33
779.679	32
779.695	28
779.710	30
779.726	20
779.742	38
779.757	37
779.773	44
779.789	29
779.804	35
779.820	30
779.836	42
779.851	21
779.867	18
779.883	23
779.898	25
779.914	19
779.930	25
779.945	18
779.961	26
779.977	35
779.992	30
780.008	27
780.023	18
780.039	23
780.055	23
780.070	21
780.086	17
780.102	28
780.117	18
780.133	19
780.149	30
780.164	34
780.180	19
780.196	19
780.211	19
780.227	38
780.243	25
780.258	29
780.274	31
780.289	39
780.305	32
780.321	24
780.336	19
780.352	23
780.368	25
780.383	26
780.399	30
780.414	28
780.430	26
780.446	34
780.461	30
780.477	30
780.493	26
780.508	29
780.524	26
780.539	27
780.555	25
780.571	30
780.586	28
780.602	34
780.618	48
780.633	24
780.649	40
780.664	24
780.680	28
780.696	24
780.711	22
780.727	49
780.742	37
780.758	40
780.774	33
780.789	35
780.805	29
780.820	26
780.836	27
780.852	34
780.867	39
780.883	43
780.898	41
780.914	39
780.930	27
780.945	31
780.961	26
780.976	25
780.992	25
781.008	30
781.023	25
781.039	31
781.054	30
781.070	34
781.085	31
781.101	22
781.117	34
781.132	30
781.148	26
781.163	36
781.179	39
781.194	35
781.210	34
781.226	22
781.241	33
781.257	24
781.272	28
781.288	33
781.303	37
781.319	32
781.335	28
781.350	42
781.366	44
781.381	35
781.397	36
781.412	35
781.428	34
781.443	29
781.459	27
781.475	35
781.490	38
781.506	30
781.521	32
781.537	31
781.552	38
781.568	35
781.583	38
781.599	31
781.614	40
781.630	34
781.646	40
781.661	47
781.677	36
781.692	33
781.708	27
781.723	41
781.739	39
781.754	35
781.770	25
781.785	27
781.801	38
781.816	24
781.832	41
781.848	37
781.863	39
781.879	40
781.894	30
781.910	34
781.925	39
781.941	35
781.956	32
781.972	33
781.987	32
782.003	31
782.018	36
782.034	33
782.049	27
782.065	51
782.080	51
782.096	54
782.111	54
782.127	69
782.142	65
782.158	70
782.173	45
782.189	38
782.204	38
782.220	41
782.235	38
782.251	49
782.266	46
782.282	52
782.297	50
782.313	49
782.328	33
782.344	28
782.359	28
782.375	34
782.390	31
782.406	29
782.421	36
782.437	47
782.452	33
782.468	50
782.483	37
782.499	39
782.514	36
782.530	32
782.545	30
782.561	35
782.576	29
782.592	41
782.607	41
782.622	39
782.638	34
782.653	34
782.669	37
782.684	54
782.700	62
782.715	50
782.731	58
782.746	34
782.762	46
782.777	48
782.793	76
782.808	44
782.824	43
782.839	32
782.854	31
782.870	45
782.885	50
782.901	31
782.916	42
782.932	36
782.947	36
782.963	39
782.978	37
782.993	43
783.009	39
783.024	65
783.040	89
783.055	96
783.071	112
783.086	111
783.102	141
783.117	131
783.132	164
783.148	160
783.163	187
783.179	175
783.194	146
783.210	133
783.225	99
783.240	101
783.256	81
783.271	61
783.287	55
783.302	53
783.318	66
783.333	54
783.348	60
783.364	80
783.379	59
783.395	67
783.410	69
783.426	86
783.441	41
783.456	29
783.472	39
783.487	36
783.503	40
783.518	56
783.533	55
783.549	87
783.564	101
783.580	115
783.595	119
783.610	120
783.626	96
783.641	65
783.657	59
783.672	59
783.687	58
783.703	52
783.718	89
783.734	110
783.749	122
783.764	120
783.780	87
783.795	106
783.811	66
783.826	89
783.841	95
783.857	102
783.872	147
783.888	177
783.903	163
783.918	162
783.934	90
783.949	50
783.964	60
783.980	108
783.995	126
784.011	151
784.026	130
784.041	94
784.057	59
784.072	52
784.087	38
784.103	83
784.118	123
784.134	124
784.149	87
784.164	57
784.180	39
784.195	67
784.210	125
784.226	133
784.241	120
784.256	91
784.272	63
784.287	47
784.302	72
784.318	104
784.333	127
784.349	99
784.364	54
784.379	31
784.395	60
784.410	83
784.425	76
784.441	47
784.456	43
784.471	72
784.487	102
784.502	108
784.517	76
784.533	68
784.548	97
784.563	97
784.579	92
784.594	90
784.609	113
784.625	107
784.640	85
784.655	86
784.671	118
784.686	134
784.701	113
784.717	83
784.732	81
784.747	131
784.763	123
784.778	104
784.793	88
784.809	112
784.824	125
784.839	139
784.854	74
784.870	66
784.885	115
784.900	153
784.916	120
784.931	57
784.946	55
784.962	140
784.977	104
784.992	57
785.008	57
785.023	94
785.038	96
785.053	41
785.069	45
785.084	116
785.099	105
785.115	58
785.130	39
785.145	95
785.161	136
785.176	46
785.191	37
785.206	89
785.222	111
785.237	85
785.252	37
785.268	78
785.283	73
785.298	68
785.313	63
785.329	111
785.344	59
785.359	51
785.375	44
785.390	98
785.405	64
785.420	94
785.436	81
785.451	76
785.466	60
785.481	90
785.497	80
785.512	58
785.527	67
785.543	69
785.558	58
785.573	60
785.588	73
785.604	80
785.619	59
785.634	64
785.649	133
785.665	89
785.680	51
785.695	56
785.710	67
785.726	107
785.741	121
785.756	141
785.771	65
785.787	78
785.802	66
785.817	84
785.832	48
785.848	64
785.863	142
785.878	111
785.893	143
785.909	97
785.924	116
785.939	71
785.954	71
785.970	105
785.985	98
786.000	118
786.015	79
786.030	66
786.046	70
786.061	82
786.076	106
786.091	62
786.107	80
786.122	70
786.137	48
786.152	93
786.168	54
786.183	65
786.198	45
786.213	74
786.228	61
786.244	59
786.259	93
786.274	70
786.289	86
786.304	59
786.320	62
786.335	56
786.350	58
786.365	70
786.381	51
786.396	85
786.411	88
786.426	64
786.441	131
786.457	69
786.472	71
786.487	112
786.502	57
786.517	55
786.533	67
786.548	74
786.563	44
786.578	53
786.593	69
786.608	61
786.624	108
786.639	98
786.654	72
786.669	103
786.684	80
786.700	65
786.715	108
786.730	97
786.745	82
786.760	112
786.775	46
786.791	85
786.806	90
786.821	58
786.836	58
786.851	74
786.867	58
786.882	93
786.897	67
786.912	52
786.927	63
786.942	55
786.958	73
786.973	82
786.988	49
787.003	57
787.018	64
787.033	37
787.049	64
787.064	45
787.079	79
787.094	70
787.109	51
787.124	51
787.139	49
787.155	65
787.170	72
787.185	54
787.200	54
787.215	42
787.230	34
787.245	40
787.261	40
787.276	43
787.291	59
787.306	62
787.321	72
787.336	72
787.351	64
787.367	66
787.382	33
787.397	29
787.412	42
787.427	41
787.442	39
787.457	58
787.472	52
787.488	50
787.503	43
787.518	30
787.533	33
787.548	31
787.563	46
787.578	60
787.593	83
787.609	102
787.624	79
787.639	63
787.654	43
787.669	49
787.684	63
787.699	82
787.714	122
787.730	163
787.745	205
787.760	248
787.775	227
787.790	236
787.805	194
787.820	141
787.835	116
787.850	115
787.865	112
